0 5.0 5.0 0 1 3
1 5.0 15.0 0 1 3
2 5.0 25.0 0 1 3
3 5.0 35.0 0 1 3
4 5.0 45.0 0 1 3
5 5.0 55.0 0 1 3
6 5.0 65.0 0 1 3
7 5.0 75.0 0 1 3
8 5.0 85.0 0 1 3
9 5.0 95.0 0 1 3
10 5.0 105.0 0 1 3
11 5.0 115.0 0 1 3
12 5.0 125.0 0 1 3
13 5.0 135.0 0 1 3
14 5.0 145.0 0 1 3
15 5.0 155.0 0 1 3
16 5.0 165.0 0 1 3
17 5.0 175.0 0 1 3
18 5.0 185.0 0 1 3
19 5.0 195.0 0 1 3
20 5.0 205.0 0 1 3
21 5.0 215.0 0 1 3
22 5.0 225.0 0 1 3
23 5.0 235.0 0 1 3
24 5.0 245.0 0 1 3
25 5.0 255.0 0 1 3
26 5.0 265.0 0 1 3
27 5.0 275.0 0 1 3
28 5.0 285.0 0 1 3
29 5.0 295.0 0 1 3
30 5.0 305.0 0 1 3
31 5.0 315.0 0 1 3
32 5.0 325.0 0 1 3
33 5.0 335.0 0 1 3
34 5.0 345.0 0 1 3
35 5.0 355.0 0 1 3
36 5.0 365.0 0 1 3
37 5.0 375.0 0 1 3
38 5.0 385.0 0 1 3
39 5.0 395.0 0 1 3
40 5.0 405.0 0 1 3
41 5.0 415.0 0 1 3
42 5.0 425.0 0 1 3
43 5.0 435.0 0 1 3
44 5.0 445.0 0 1 3
45 5.0 455.0 0 1 3
46 5.0 465.0 0 1 3
47 5.0 475.0 0 1 3
48 5.0 485.0 0 1 3
49 5.0 495.0 0 1 3
50 5.0 505.0 0 1 3
51 5.0 515.0 0 1 3
52 5.0 525.0 0 1 3
53 5.0 535.0 0 1 3
54 5.0 545.0 0 1 3
55 5.0 555.0 0 1 3
56 5.0 565.0 0 1 3
57 5.0 575.0 0 1 3
58 5.0 585.0 0 1 3
59 5.0 595.0 0 1 3
60 15.0 5.0 0 1 3
61 15.0 15.0 0 1 3
62 15.0 25.0 0 1 3
63 15.0 35.0 0 1 3
64 15.0 45.0 0 1 3
65 15.0 55.0 0 1 3
66 15.0 65.0 0 1 3
67 15.0 75.0 0 1 3
68 15.0 85.0 0 1 3
69 15.0 95.0 0 1 3
70 15.0 105.0 0 1 3
71 15.0 115.0 0 1 3
72 15.0 125.0 0 1 3
73 15.0 135.0 0 1 3
74 15.0 145.0 0 1 3
75 15.0 155.0 0 1 3
76 15.0 165.0 0 1 3
77 15.0 175.0 0 1 3
78 15.0 185.0 0 1 3
79 15.0 195.0 0 1 3
80 15.0 205.0 0 1 3
81 15.0 215.0 0 1 3
82 15.0 225.0 0 1 3
83 15.0 235.0 0 1 3
84 15.0 245.0 0 1 3
85 15.0 255.0 0 1 3
86 15.0 265.0 0 1 3
87 15.0 275.0 0 1 3
88 15.0 285.0 0 1 3
89 15.0 295.0 0 1 3
90 15.0 305.0 0 1 3
91 15.0 315.0 0 1 3
92 15.0 325.0 0 1 3
93 15.0 335.0 0 1 3
94 15.0 345.0 0 1 3
95 15.0 355.0 0 1 3
96 15.0 365.0 0 1 3
97 15.0 375.0 0 1 3
98 15.0 385.0 0 1 3
99 15.0 395.0 0 1 3
100 15.0 405.0 0 1 3
101 15.0 415.0 0 1 3
102 15.0 425.0 0 1 3
103 15.0 435.0 0 1 3
104 15.0 445.0 0 1 3
105 15.0 455.0 0 1 3
106 15.0 465.0 0 1 3
107 15.0 475.0 0 1 3
108 15.0 485.0 0 1 3
109 15.0 495.0 0 1 3
110 15.0 505.0 0 1 3
111 15.0 515.0 0 1 3
112 15.0 525.0 0 1 3
113 15.0 535.0 0 1 3
114 15.0 545.0 0 1 3
115 15.0 555.0 0 1 3
116 15.0 565.0 0 1 3
117 15.0 575.0 0 1 3
118 15.0 585.0 0 1 3
119 15.0 595.0 0 1 3
120 25.0 5.0 0 1 3
121 25.0 15.0 0 1 3
122 25.0 25.0 0 1 3
123 25.0 35.0 0 1 3
124 25.0 45.0 0 1 3
125 25.0 55.0 0 1 3
126 25.0 65.0 0 1 3
127 25.0 75.0 0 1 3
128 25.0 85.0 0 1 3
129 25.0 95.0 0 1 3
130 25.0 105.0 0 1 3
131 25.0 115.0 0 1 3
132 25.0 125.0 0 1 3
133 25.0 135.0 0 1 3
134 25.0 145.0 0 1 3
135 25.0 155.0 0 1 3
136 25.0 165.0 0 1 3
137 25.0 175.0 0 1 3
138 25.0 185.0 0 1 3
139 25.0 195.0 0 1 3
140 25.0 205.0 0 1 3
141 25.0 215.0 0 1 3
142 25.0 225.0 0 1 3
143 25.0 235.0 0 1 3
144 25.0 245.0 0 1 3
145 25.0 255.0 0 1 3
146 25.0 265.0 0 1 3
147 25.0 275.0 0 1 3
148 25.0 285.0 0 1 3
149 25.0 295.0 0 1 3
150 25.0 305.0 0 1 3
151 25.0 315.0 0 1 3
152 25.0 325.0 0 1 3
153 25.0 335.0 0 1 3
154 25.0 345.0 0 1 3
155 25.0 355.0 0 1 3
156 25.0 365.0 0 1 3
157 25.0 375.0 0 1 3
158 25.0 385.0 0 1 3
159 25.0 395.0 0 1 3
160 25.0 405.0 0 1 3
161 25.0 415.0 0 1 3
162 25.0 425.0 0 1 3
163 25.0 435.0 0 1 3
164 25.0 445.0 0 1 3
165 25.0 455.0 0 1 3
166 25.0 465.0 0 1 3
167 25.0 475.0 0 1 3
168 25.0 485.0 0 1 3
169 25.0 495.0 0 1 3
170 25.0 505.0 0 1 3
171 25.0 515.0 0 1 3
172 25.0 525.0 0 1 3
173 25.0 535.0 0 1 3
174 25.0 545.0 0 1 3
175 25.0 555.0 0 1 3
176 25.0 565.0 0 1 3
177 25.0 575.0 0 1 3
178 25.0 585.0 0 1 3
179 25.0 595.0 0 1 3
180 35.0 5.0 0 1 3
181 35.0 15.0 0 1 3
182 35.0 25.0 0 1 3
183 35.0 35.0 0 1 3
184 35.0 45.0 0 1 3
185 35.0 55.0 0 1 3
186 35.0 65.0 0 1 3
187 35.0 75.0 0 1 3
188 35.0 85.0 0 1 3
189 35.0 95.0 0 1 3
190 35.0 105.0 0 1 3
191 35.0 115.0 0 1 3
192 35.0 125.0 0 1 3
193 35.0 135.0 0 1 3
194 35.0 145.0 0 1 3
195 35.0 155.0 0 1 3
196 35.0 165.0 0 1 3
197 35.0 175.0 0 1 3
198 35.0 185.0 0 1 3
199 35.0 195.0 0 1 3
200 35.0 205.0 0 1 3
201 35.0 215.0 0 1 3
202 35.0 225.0 0 1 3
203 35.0 235.0 0 1 3
204 35.0 245.0 0 1 3
205 35.0 255.0 0 1 3
206 35.0 265.0 0 1 3
207 35.0 275.0 0 1 3
208 35.0 285.0 0 1 3
209 35.0 295.0 0 1 3
210 35.0 305.0 0 1 3
211 35.0 315.0 0 1 3
212 35.0 325.0 0 1 3
213 35.0 335.0 0 1 3
214 35.0 345.0 0 1 3
215 35.0 355.0 0 1 3
216 35.0 365.0 0 1 3
217 35.0 375.0 0 1 3
218 35.0 385.0 0 1 3
219 35.0 395.0 0 1 3
220 35.0 405.0 0 1 3
221 35.0 415.0 0 1 3
222 35.0 425.0 0 1 3
223 35.0 435.0 0 1 3
224 35.0 445.0 0 1 3
225 35.0 455.0 0 1 3
226 35.0 465.0 0 1 3
227 35.0 475.0 0 1 3
228 35.0 485.0 0 1 3
229 35.0 495.0 0 1 3
230 35.0 505.0 0 1 3
231 35.0 515.0 0 1 3
232 35.0 525.0 0 1 3
233 35.0 535.0 0 1 3
234 35.0 545.0 0 1 3
235 35.0 555.0 0 1 3
236 35.0 565.0 0 1 3
237 35.0 575.0 0 1 3
238 35.0 585.0 0 1 3
239 35.0 595.0 0 1 3
240 45.0 5.0 0 1 3
241 45.0 15.0 0 1 3
242 45.0 25.0 0 1 3
243 45.0 35.0 0 1 3
244 45.0 45.0 0 1 3
245 45.0 55.0 0 1 3
246 45.0 65.0 0 1 3
247 45.0 75.0 0 1 3
248 45.0 85.0 0 1 3
249 45.0 95.0 0 1 3
250 45.0 105.0 0 1 3
251 45.0 115.0 0 1 3
252 45.0 125.0 0 1 3
253 45.0 135.0 0 1 3
254 45.0 145.0 0 1 3
255 45.0 155.0 0 1 3
256 45.0 165.0 0 1 3
257 45.0 175.0 0 1 3
258 45.0 185.0 0 1 3
259 45.0 195.0 0 1 3
260 45.0 205.0 0 1 3
261 45.0 215.0 0 1 3
262 45.0 225.0 0 1 3
263 45.0 235.0 0 1 3
264 45.0 245.0 0 1 3
265 45.0 255.0 0 1 3
266 45.0 265.0 0 1 3
267 45.0 275.0 0 1 3
268 45.0 285.0 0 1 3
269 45.0 295.0 0 1 3
270 45.0 305.0 0 1 3
271 45.0 315.0 0 1 3
272 45.0 325.0 0 1 3
273 45.0 335.0 0 1 3
274 45.0 345.0 0 1 3
275 45.0 355.0 0 1 3
276 45.0 365.0 0 1 3
277 45.0 375.0 0 1 3
278 45.0 385.0 0 1 3
279 45.0 395.0 0 1 3
280 45.0 405.0 0 1 3
281 45.0 415.0 0 1 3
282 45.0 425.0 0 1 3
283 45.0 435.0 0 1 3
284 45.0 445.0 0 1 3
285 45.0 455.0 0 1 3
286 45.0 465.0 0 1 3
287 45.0 475.0 0 1 3
288 45.0 485.0 0 1 3
289 45.0 495.0 0 1 3
290 45.0 505.0 0 1 3
291 45.0 515.0 0 1 3
292 45.0 525.0 0 1 3
293 45.0 535.0 0 1 3
294 45.0 545.0 0 1 3
295 45.0 555.0 0 1 3
296 45.0 565.0 0 1 3
297 45.0 575.0 0 1 3
298 45.0 585.0 0 1 3
299 45.0 595.0 0 1 3
300 55.0 5.0 0 1 3
301 55.0 15.0 0 1 3
302 55.0 25.0 0 1 3
303 55.0 35.0 0 1 3
304 55.0 45.0 0 1 3
305 55.0 55.0 0 1 3
306 55.0 65.0 0 1 3
307 55.0 75.0 0 1 3
308 55.0 85.0 0 1 3
309 55.0 95.0 0 1 3
310 55.0 105.0 0 1 3
311 55.0 115.0 0 1 3
312 55.0 125.0 0 1 3
313 55.0 135.0 0 1 3
314 55.0 145.0 0 1 3
315 55.0 155.0 0 1 3
316 55.0 165.0 0 1 3
317 55.0 175.0 0 1 3
318 55.0 185.0 0 1 3
319 55.0 195.0 0 1 3
320 55.0 205.0 0 1 3
321 55.0 215.0 0 1 3
322 55.0 225.0 0 1 3
323 55.0 235.0 0 1 3
324 55.0 245.0 0 1 3
325 55.0 255.0 0 1 3
326 55.0 265.0 0 1 3
327 55.0 275.0 0 1 3
328 55.0 285.0 0 1 3
329 55.0 295.0 0 1 3
330 55.0 305.0 0 1 3
331 55.0 315.0 0 1 3
332 55.0 325.0 0 1 3
333 55.0 335.0 0 1 3
334 55.0 345.0 0 1 3
335 55.0 355.0 0 1 3
336 55.0 365.0 0 1 3
337 55.0 375.0 0 1 3
338 55.0 385.0 0 1 3
339 55.0 395.0 0 1 3
340 55.0 405.0 0 1 3
341 55.0 415.0 0 1 3
342 55.0 425.0 0 1 3
343 55.0 435.0 0 1 3
344 55.0 445.0 0 1 3
345 55.0 455.0 0 1 3
346 55.0 465.0 0 1 3
347 55.0 475.0 0 1 3
348 55.0 485.0 0 1 3
349 55.0 495.0 0 1 3
350 55.0 505.0 0 1 3
351 55.0 515.0 0 1 3
352 55.0 525.0 0 1 3
353 55.0 535.0 0 1 3
354 55.0 545.0 0 1 3
355 55.0 555.0 0 1 3
356 55.0 565.0 0 1 3
357 55.0 575.0 0 1 3
358 55.0 585.0 0 1 3
359 55.0 595.0 0 1 3
360 65.0 5.0 0 1 3
361 65.0 15.0 0 1 3
362 65.0 25.0 0 1 3
363 65.0 35.0 0 1 3
364 65.0 45.0 0 1 3
365 65.0 55.0 0 1 3
366 65.0 65.0 0 1 3
367 65.0 75.0 0 1 3
368 65.0 85.0 0 1 3
369 65.0 95.0 0 1 3
370 65.0 105.0 0 1 3
371 65.0 115.0 0 1 3
372 65.0 125.0 0 1 3
373 65.0 135.0 0 1 3
374 65.0 145.0 0 1 3
375 65.0 155.0 0 1 3
376 65.0 165.0 0 1 3
377 65.0 175.0 0 1 3
378 65.0 185.0 0 1 3
379 65.0 195.0 0 1 3
380 65.0 205.0 0 1 3
381 65.0 215.0 0 1 3
382 65.0 225.0 0 1 3
383 65.0 235.0 0 1 3
384 65.0 245.0 0 1 3
385 65.0 255.0 0 1 3
386 65.0 265.0 0 1 3
387 65.0 275.0 0 1 3
388 65.0 285.0 0 1 3
389 65.0 295.0 0 1 3
390 65.0 305.0 0 1 3
391 65.0 315.0 0 1 3
392 65.0 325.0 0 1 3
393 65.0 335.0 0 1 3
394 65.0 345.0 0 1 3
395 65.0 355.0 0 1 3
396 65.0 365.0 0 1 3
397 65.0 375.0 0 1 3
398 65.0 385.0 0 1 3
399 65.0 395.0 0 1 3
400 65.0 405.0 0 1 3
401 65.0 415.0 0 1 3
402 65.0 425.0 0 1 3
403 65.0 435.0 0 1 3
404 65.0 445.0 0 1 3
405 65.0 455.0 0 1 3
406 65.0 465.0 0 1 3
407 65.0 475.0 0 1 3
408 65.0 485.0 0 1 3
409 65.0 495.0 0 1 3
410 65.0 505.0 0 1 3
411 65.0 515.0 0 1 3
412 65.0 525.0 0 1 3
413 65.0 535.0 0 1 3
414 65.0 545.0 0 1 3
415 65.0 555.0 0 1 3
416 65.0 565.0 0 1 3
417 65.0 575.0 0 1 3
418 65.0 585.0 0 1 3
419 65.0 595.0 0 1 3
420 75.0 5.0 0 1 3
421 75.0 15.0 0 1 3
422 75.0 25.0 0 1 3
423 75.0 35.0 0 1 3
424 75.0 45.0 0 1 3
425 75.0 55.0 0 1 3
426 75.0 65.0 0 1 3
427 75.0 75.0 0 1 3
428 75.0 85.0 0 1 3
429 75.0 95.0 0 1 3
430 75.0 105.0 0 1 3
431 75.0 115.0 0 1 3
432 75.0 125.0 0 1 3
433 75.0 135.0 0 1 3
434 75.0 145.0 0 1 3
435 75.0 155.0 0 1 3
436 75.0 165.0 0 1 3
437 75.0 175.0 0 1 3
438 75.0 185.0 0 1 3
439 75.0 195.0 0 1 3
440 75.0 205.0 0 1 3
441 75.0 215.0 0 1 3
442 75.0 225.0 0 1 3
443 75.0 235.0 0 1 3
444 75.0 245.0 0 1 3
445 75.0 255.0 0 1 3
446 75.0 265.0 0 1 3
447 75.0 275.0 0 1 3
448 75.0 285.0 0 1 3
449 75.0 295.0 0 1 3
450 75.0 305.0 0 1 3
451 75.0 315.0 0 1 3
452 75.0 325.0 0 1 3
453 75.0 335.0 0 1 3
454 75.0 345.0 0 1 3
455 75.0 355.0 0 1 3
456 75.0 365.0 0 1 3
457 75.0 375.0 0 1 3
458 75.0 385.0 0 1 3
459 75.0 395.0 0 1 3
460 75.0 405.0 0 1 3
461 75.0 415.0 0 1 3
462 75.0 425.0 0 1 3
463 75.0 435.0 0 1 3
464 75.0 445.0 0 1 3
465 75.0 455.0 0 1 3
466 75.0 465.0 0 1 3
467 75.0 475.0 0 1 3
468 75.0 485.0 0 1 3
469 75.0 495.0 0 1 3
470 75.0 505.0 0 1 3
471 75.0 515.0 0 1 3
472 75.0 525.0 0 1 3
473 75.0 535.0 0 1 3
474 75.0 545.0 0 1 3
475 75.0 555.0 0 1 3
476 75.0 565.0 0 1 3
477 75.0 575.0 0 1 3
478 75.0 585.0 0 1 3
479 75.0 595.0 0 1 3
480 85.0 5.0 0 1 3
481 85.0 15.0 0 1 3
482 85.0 25.0 0 1 3
483 85.0 35.0 0 1 3
484 85.0 45.0 0 1 3
485 85.0 55.0 0 1 3
486 85.0 65.0 0 1 3
487 85.0 75.0 0 1 3
488 85.0 85.0 0 1 3
489 85.0 95.0 0 1 3
490 85.0 105.0 0 1 3
491 85.0 115.0 0 1 3
492 85.0 125.0 0 1 3
493 85.0 135.0 0 1 3
494 85.0 145.0 0 1 3
495 85.0 155.0 0 1 3
496 85.0 165.0 0 1 3
497 85.0 175.0 0 1 3
498 85.0 185.0 0 1 3
499 85.0 195.0 0 1 3
500 85.0 205.0 0 1 3
501 85.0 215.0 0 1 3
502 85.0 225.0 0 1 3
503 85.0 235.0 0 1 3
504 85.0 245.0 0 1 3
505 85.0 255.0 0 1 3
506 85.0 265.0 0 1 3
507 85.0 275.0 0 1 3
508 85.0 285.0 0 1 3
509 85.0 295.0 0 1 3
510 85.0 305.0 0 1 3
511 85.0 315.0 0 1 3
512 85.0 325.0 0 1 3
513 85.0 335.0 0 1 3
514 85.0 345.0 0 1 3
515 85.0 355.0 0 1 3
516 85.0 365.0 0 1 3
517 85.0 375.0 0 1 3
518 85.0 385.0 0 1 3
519 85.0 395.0 0 1 3
520 85.0 405.0 0 1 3
521 85.0 415.0 0 1 3
522 85.0 425.0 0 1 3
523 85.0 435.0 0 1 3
524 85.0 445.0 0 1 3
525 85.0 455.0 0 1 3
526 85.0 465.0 0 1 3
527 85.0 475.0 0 1 3
528 85.0 485.0 0 1 3
529 85.0 495.0 0 1 3
530 85.0 505.0 0 1 3
531 85.0 515.0 0 1 3
532 85.0 525.0 0 1 3
533 85.0 535.0 0 1 3
534 85.0 545.0 0 1 3
535 85.0 555.0 0 1 3
536 85.0 565.0 0 1 3
537 85.0 575.0 0 1 3
538 85.0 585.0 0 1 3
539 85.0 595.0 0 1 3
540 95.0 5.0 0 1 3
541 95.0 15.0 0 1 3
542 95.0 25.0 0 1 3
543 95.0 35.0 0 1 3
544 95.0 45.0 0 1 3
545 95.0 55.0 0 1 3
546 95.0 65.0 0 1 3
547 95.0 75.0 0 1 3
548 95.0 85.0 0 1 3
549 95.0 95.0 0 1 3
550 95.0 105.0 0 1 3
551 95.0 115.0 0 1 3
552 95.0 125.0 0 1 3
553 95.0 135.0 0 1 3
554 95.0 145.0 0 1 3
555 95.0 155.0 0 1 3
556 95.0 165.0 0 1 3
557 95.0 175.0 0 1 3
558 95.0 185.0 0 1 3
559 95.0 195.0 0 1 3
560 95.0 205.0 0 1 3
561 95.0 215.0 0 1 3
562 95.0 225.0 0 1 3
563 95.0 235.0 0 1 3
564 95.0 245.0 0 1 3
565 95.0 255.0 0 1 3
566 95.0 265.0 0 1 3
567 95.0 275.0 0 1 3
568 95.0 285.0 0 1 3
569 95.0 295.0 0 1 3
570 95.0 305.0 0 1 3
571 95.0 315.0 0 1 3
572 95.0 325.0 0 1 3
573 95.0 335.0 0 1 3
574 95.0 345.0 0 1 3
575 95.0 355.0 0 1 3
576 95.0 365.0 0 1 3
577 95.0 375.0 0 1 3
578 95.0 385.0 0 1 3
579 95.0 395.0 0 1 3
580 95.0 405.0 0 1 3
581 95.0 415.0 0 1 3
582 95.0 425.0 0 1 3
583 95.0 435.0 0 1 3
584 95.0 445.0 0 1 3
585 95.0 455.0 0 1 3
586 95.0 465.0 0 1 3
587 95.0 475.0 0 1 3
588 95.0 485.0 0 1 3
589 95.0 495.0 0 1 3
590 95.0 505.0 0 1 3
591 95.0 515.0 0 1 3
592 95.0 525.0 0 1 3
593 95.0 535.0 0 1 3
594 95.0 545.0 0 1 3
595 95.0 555.0 0 1 3
596 95.0 565.0 0 1 3
597 95.0 575.0 0 1 3
598 95.0 585.0 0 1 3
599 95.0 595.0 0 1 3
600 105.0 5.0 0 1 3
601 105.0 15.0 0 1 3
602 105.0 25.0 0 1 3
603 105.0 35.0 0 1 3
604 105.0 45.0 0 1 3
605 105.0 55.0 0 1 3
606 105.0 65.0 0 1 3
607 105.0 75.0 0 1 3
608 105.0 85.0 0 1 3
609 105.0 95.0 0 1 3
610 105.0 105.0 0 1 3
611 105.0 115.0 0 1 3
612 105.0 125.0 0 1 3
613 105.0 135.0 0 1 3
614 105.0 145.0 0 1 3
615 105.0 155.0 0 1 3
616 105.0 165.0 0 1 3
617 105.0 175.0 0 1 3
618 105.0 185.0 0 1 3
619 105.0 195.0 0 1 3
620 105.0 205.0 0 1 3
621 105.0 215.0 0 1 3
622 105.0 225.0 0 1 3
623 105.0 235.0 0 1 3
624 105.0 245.0 0 1 3
625 105.0 255.0 0 1 3
626 105.0 265.0 0 1 3
627 105.0 275.0 0 1 3
628 105.0 285.0 0 1 3
629 105.0 295.0 0 1 3
630 105.0 305.0 0 1 3
631 105.0 315.0 0 1 3
632 105.0 325.0 0 1 3
633 105.0 335.0 0 1 3
634 105.0 345.0 0 1 3
635 105.0 355.0 0 1 3
636 105.0 365.0 0 1 3
637 105.0 375.0 0 1 3
638 105.0 385.0 0 1 3
639 105.0 395.0 0 1 3
640 105.0 405.0 0 1 3
641 105.0 415.0 0 1 3
642 105.0 425.0 0 1 3
643 105.0 435.0 0 1 3
644 105.0 445.0 0 1 3
645 105.0 455.0 0 1 3
646 105.0 465.0 0 1 3
647 105.0 475.0 0 1 3
648 105.0 485.0 0 1 3
649 105.0 495.0 0 1 3
650 105.0 505.0 0 1 3
651 105.0 515.0 0 1 3
652 105.0 525.0 0 1 3
653 105.0 535.0 0 1 3
654 105.0 545.0 0 1 3
655 105.0 555.0 0 1 3
656 105.0 565.0 0 1 3
657 105.0 575.0 0 1 3
658 105.0 585.0 0 1 3
659 105.0 595.0 0 1 3
660 115.0 5.0 0 1 3
661 115.0 15.0 0 1 3
662 115.0 25.0 0 1 3
663 115.0 35.0 0 1 3
664 115.0 45.0 0 1 3
665 115.0 55.0 0 1 3
666 115.0 65.0 0 1 3
667 115.0 75.0 0 1 3
668 115.0 85.0 0 1 3
669 115.0 95.0 0 1 3
670 115.0 105.0 0 1 3
671 115.0 115.0 0 1 3
672 115.0 125.0 0 1 3
673 115.0 135.0 0 1 3
674 115.0 145.0 0 1 3
675 115.0 155.0 0 1 3
676 115.0 165.0 0 1 3
677 115.0 175.0 0 1 3
678 115.0 185.0 0 1 3
679 115.0 195.0 0 1 3
680 115.0 205.0 0 1 3
681 115.0 215.0 0 1 3
682 115.0 225.0 0 1 3
683 115.0 235.0 0 1 3
684 115.0 245.0 0 1 3
685 115.0 255.0 0 1 3
686 115.0 265.0 0 1 3
687 115.0 275.0 0 1 3
688 115.0 285.0 0 1 3
689 115.0 295.0 0 1 3
690 115.0 305.0 0 1 3
691 115.0 315.0 0 1 3
692 115.0 325.0 0 1 3
693 115.0 335.0 0 1 3
694 115.0 345.0 0 1 3
695 115.0 355.0 0 1 3
696 115.0 365.0 0 1 3
697 115.0 375.0 0 1 3
698 115.0 385.0 0 1 3
699 115.0 395.0 0 1 3
700 115.0 405.0 0 1 3
701 115.0 415.0 0 1 3
702 115.0 425.0 0 1 3
703 115.0 435.0 0 1 3
704 115.0 445.0 0 1 3
705 115.0 455.0 0 1 3
706 115.0 465.0 0 1 3
707 115.0 475.0 0 1 3
708 115.0 485.0 0 1 3
709 115.0 495.0 0 1 3
710 115.0 505.0 0 1 3
711 115.0 515.0 0 1 3
712 115.0 525.0 0 1 3
713 115.0 535.0 0 1 3
714 115.0 545.0 0 1 3
715 115.0 555.0 0 1 3
716 115.0 565.0 0 1 3
717 115.0 575.0 0 1 3
718 115.0 585.0 0 1 3
719 115.0 595.0 0 1 3
720 125.0 5.0 0 1 3
721 125.0 15.0 0 1 3
722 125.0 25.0 0 1 3
723 125.0 35.0 0 1 3
724 125.0 45.0 0 1 3
725 125.0 55.0 0 1 3
726 125.0 65.0 0 1 3
727 125.0 75.0 0 1 3
728 125.0 85.0 0 1 3
729 125.0 95.0 0 1 3
730 125.0 105.0 0 1 3
731 125.0 115.0 0 1 3
732 125.0 125.0 0 1 3
733 125.0 135.0 0 1 3
734 125.0 145.0 0 1 3
735 125.0 155.0 0 1 3
736 125.0 165.0 0 1 3
737 125.0 175.0 0 1 3
738 125.0 185.0 0 1 3
739 125.0 195.0 0 1 3
740 125.0 205.0 0 1 3
741 125.0 215.0 0 1 3
742 125.0 225.0 0 1 3
743 125.0 235.0 0 1 3
744 125.0 245.0 0 1 3
745 125.0 255.0 0 1 3
746 125.0 265.0 0 1 3
747 125.0 275.0 0 1 3
748 125.0 285.0 0 1 3
749 125.0 295.0 0 1 3
750 125.0 305.0 0 1 3
751 125.0 315.0 0 1 3
752 125.0 325.0 0 1 3
753 125.0 335.0 0 1 3
754 125.0 345.0 0 1 3
755 125.0 355.0 0 1 3
756 125.0 365.0 0 1 3
757 125.0 375.0 0 1 3
758 125.0 385.0 0 1 3
759 125.0 395.0 0 1 3
760 125.0 405.0 0 1 3
761 125.0 415.0 0 1 3
762 125.0 425.0 0 1 3
763 125.0 435.0 0 1 3
764 125.0 445.0 0 1 3
765 125.0 455.0 0 1 3
766 125.0 465.0 0 1 3
767 125.0 475.0 0 1 3
768 125.0 485.0 0 1 3
769 125.0 495.0 0 1 3
770 125.0 505.0 0 1 3
771 125.0 515.0 0 1 3
772 125.0 525.0 0 1 3
773 125.0 535.0 0 1 3
774 125.0 545.0 0 1 3
775 125.0 555.0 0 1 3
776 125.0 565.0 0 1 3
777 125.0 575.0 0 1 3
778 125.0 585.0 0 1 3
779 125.0 595.0 0 1 3
780 135.0 5.0 0 1 3
781 135.0 15.0 0 1 3
782 135.0 25.0 0 1 3
783 135.0 35.0 0 1 3
784 135.0 45.0 0 1 3
785 135.0 55.0 0 1 3
786 135.0 65.0 0 1 3
787 135.0 75.0 0 1 3
788 135.0 85.0 0 1 3
789 135.0 95.0 0 1 3
790 135.0 105.0 0 1 3
791 135.0 115.0 0 1 3
792 135.0 125.0 0 1 3
793 135.0 135.0 0 1 3
794 135.0 145.0 0 1 3
795 135.0 155.0 0 1 3
796 135.0 165.0 0 1 3
797 135.0 175.0 0 1 3
798 135.0 185.0 0 1 3
799 135.0 195.0 0 1 3
800 135.0 205.0 0 1 3
801 135.0 215.0 0 1 3
802 135.0 225.0 0 1 3
803 135.0 235.0 0 1 3
804 135.0 245.0 0 1 3
805 135.0 255.0 0 1 3
806 135.0 265.0 0 1 3
807 135.0 275.0 0 1 3
808 135.0 285.0 0 1 3
809 135.0 295.0 0 1 3
810 135.0 305.0 0 1 3
811 135.0 315.0 0 1 3
812 135.0 325.0 0 1 3
813 135.0 335.0 0 1 3
814 135.0 345.0 0 1 3
815 135.0 355.0 0 1 3
816 135.0 365.0 0 1 3
817 135.0 375.0 0 1 3
818 135.0 385.0 0 1 3
819 135.0 395.0 0 1 3
820 135.0 405.0 0 1 3
821 135.0 415.0 0 1 3
822 135.0 425.0 0 1 3
823 135.0 435.0 0 1 3
824 135.0 445.0 0 1 3
825 135.0 455.0 0 1 3
826 135.0 465.0 0 1 3
827 135.0 475.0 0 1 3
828 135.0 485.0 0 1 3
829 135.0 495.0 0 1 3
830 135.0 505.0 0 1 3
831 135.0 515.0 0 1 3
832 135.0 525.0 0 1 3
833 135.0 535.0 0 1 3
834 135.0 545.0 0 1 3
835 135.0 555.0 0 1 3
836 135.0 565.0 0 1 3
837 135.0 575.0 0 1 3
838 135.0 585.0 0 1 3
839 135.0 595.0 0 1 3
840 145.0 5.0 0 1 3
841 145.0 15.0 0 1 3
842 145.0 25.0 0 1 3
843 145.0 35.0 0 1 3
844 145.0 45.0 0 1 3
845 145.0 55.0 0 1 3
846 145.0 65.0 0 1 3
847 145.0 75.0 0 1 3
848 145.0 85.0 0 1 3
849 145.0 95.0 0 1 3
850 145.0 105.0 0 1 3
851 145.0 115.0 0 1 3
852 145.0 125.0 0 1 3
853 145.0 135.0 0 1 3
854 145.0 145.0 0 1 3
855 145.0 155.0 0 1 3
856 145.0 165.0 0 1 3
857 145.0 175.0 0 1 3
858 145.0 185.0 0 1 3
859 145.0 195.0 0 1 3
860 145.0 205.0 0 1 3
861 145.0 215.0 0 1 3
862 145.0 225.0 0 1 3
863 145.0 235.0 0 1 3
864 145.0 245.0 0 1 3
865 145.0 255.0 0 1 3
866 145.0 265.0 0 1 3
867 145.0 275.0 0 1 3
868 145.0 285.0 0 1 3
869 145.0 295.0 0 1 3
870 145.0 305.0 0 1 3
871 145.0 315.0 0 1 3
872 145.0 325.0 0 1 3
873 145.0 335.0 0 1 3
874 145.0 345.0 0 1 3
875 145.0 355.0 0 1 3
876 145.0 365.0 0 1 3
877 145.0 375.0 0 1 3
878 145.0 385.0 0 1 3
879 145.0 395.0 0 1 3
880 145.0 405.0 0 1 3
881 145.0 415.0 0 1 3
882 145.0 425.0 0 1 3
883 145.0 435.0 0 1 3
884 145.0 445.0 0 1 3
885 145.0 455.0 0 1 3
886 145.0 465.0 0 1 3
887 145.0 475.0 0 1 3
888 145.0 485.0 0 1 3
889 145.0 495.0 0 1 3
890 145.0 505.0 0 1 3
891 145.0 515.0 0 1 3
892 145.0 525.0 0 1 3
893 145.0 535.0 0 1 3
894 145.0 545.0 0 1 3
895 145.0 555.0 0 1 3
896 145.0 565.0 0 1 3
897 145.0 575.0 0 1 3
898 145.0 585.0 0 1 3
899 145.0 595.0 0 1 3
900 155.0 5.0 0 1 3
901 155.0 15.0 0 1 3
902 155.0 25.0 0 1 3
903 155.0 35.0 0 1 3
904 155.0 45.0 0 1 3
905 155.0 55.0 0 1 3
906 155.0 65.0 0 1 3
907 155.0 75.0 0 1 3
908 155.0 85.0 0 1 3
909 155.0 95.0 0 1 3
910 155.0 105.0 0 1 3
911 155.0 115.0 0 1 3
912 155.0 125.0 0 1 3
913 155.0 135.0 0 1 3
914 155.0 145.0 0 1 3
915 155.0 155.0 0 1 3
916 155.0 165.0 0 1 3
917 155.0 175.0 0 1 3
918 155.0 185.0 0 1 3
919 155.0 195.0 0 1 3
920 155.0 205.0 0 1 3
921 155.0 215.0 0 1 3
922 155.0 225.0 0 1 3
923 155.0 235.0 0 1 3
924 155.0 245.0 0 1 3
925 155.0 255.0 0 1 3
926 155.0 265.0 0 1 3
927 155.0 275.0 0 1 3
928 155.0 285.0 0 1 3
929 155.0 295.0 0 1 3
930 155.0 305.0 0 1 3
931 155.0 315.0 0 1 3
932 155.0 325.0 0 1 3
933 155.0 335.0 0 1 3
934 155.0 345.0 0 1 3
935 155.0 355.0 0 1 3
936 155.0 365.0 0 1 3
937 155.0 375.0 0 1 3
938 155.0 385.0 0 1 3
939 155.0 395.0 0 1 3
940 155.0 405.0 0 1 3
941 155.0 415.0 0 1 3
942 155.0 425.0 0 1 3
943 155.0 435.0 0 1 3
944 155.0 445.0 0 1 3
945 155.0 455.0 0 1 3
946 155.0 465.0 0 1 3
947 155.0 475.0 0 1 3
948 155.0 485.0 0 1 3
949 155.0 495.0 0 1 3
950 155.0 505.0 0 1 3
951 155.0 515.0 0 1 3
952 155.0 525.0 0 1 3
953 155.0 535.0 0 1 3
954 155.0 545.0 0 1 3
955 155.0 555.0 0 1 3
956 155.0 565.0 0 1 3
957 155.0 575.0 0 1 3
958 155.0 585.0 0 1 3
959 155.0 595.0 0 1 3
960 165.0 5.0 0 1 3
961 165.0 15.0 0 1 3
962 165.0 25.0 0 1 3
963 165.0 35.0 0 1 3
964 165.0 45.0 0 1 3
965 165.0 55.0 0 1 3
966 165.0 65.0 0 1 3
967 165.0 75.0 0 1 3
968 165.0 85.0 0 1 3
969 165.0 95.0 0 1 3
970 165.0 105.0 0 1 3
971 165.0 115.0 0 1 3
972 165.0 125.0 0 1 3
973 165.0 135.0 0 1 3
974 165.0 145.0 0 1 3
975 165.0 155.0 0 1 3
976 165.0 165.0 0 1 3
977 165.0 175.0 0 1 3
978 165.0 185.0 0 1 3
979 165.0 195.0 0 1 3
980 165.0 205.0 0 1 3
981 165.0 215.0 0 1 3
982 165.0 225.0 0 1 3
983 165.0 235.0 0 1 3
984 165.0 245.0 0 1 3
985 165.0 255.0 0 1 3
986 165.0 265.0 0 1 3
987 165.0 275.0 0 1 3
988 165.0 285.0 0 1 3
989 165.0 295.0 0 1 3
990 165.0 305.0 0 1 3
991 165.0 315.0 0 1 3
992 165.0 325.0 0 1 3
993 165.0 335.0 0 1 3
994 165.0 345.0 0 1 3
995 165.0 355.0 0 1 3
996 165.0 365.0 0 1 3
997 165.0 375.0 0 1 3
998 165.0 385.0 0 1 3
999 165.0 395.0 0 1 3
1000 165.0 405.0 0 1 3
1001 165.0 415.0 0 1 3
1002 165.0 425.0 0 1 3
1003 165.0 435.0 0 1 3
1004 165.0 445.0 0 1 3
1005 165.0 455.0 0 1 3
1006 165.0 465.0 0 1 3
1007 165.0 475.0 0 1 3
1008 165.0 485.0 0 1 3
1009 165.0 495.0 0 1 3
1010 165.0 505.0 0 1 3
1011 165.0 515.0 0 1 3
1012 165.0 525.0 0 1 3
1013 165.0 535.0 0 1 3
1014 165.0 545.0 0 1 3
1015 165.0 555.0 0 1 3
1016 165.0 565.0 0 1 3
1017 165.0 575.0 0 1 3
1018 165.0 585.0 0 1 3
1019 165.0 595.0 0 1 3
1020 175.0 5.0 0 1 3
1021 175.0 15.0 0 1 3
1022 175.0 25.0 0 1 3
1023 175.0 35.0 0 1 3
1024 175.0 45.0 0 1 3
1025 175.0 55.0 0 1 3
1026 175.0 65.0 0 1 3
1027 175.0 75.0 0 1 3
1028 175.0 85.0 0 1 3
1029 175.0 95.0 0 1 3
1030 175.0 105.0 0 1 3
1031 175.0 115.0 0 1 3
1032 175.0 125.0 0 1 3
1033 175.0 135.0 0 1 3
1034 175.0 145.0 0 1 3
1035 175.0 155.0 0 1 3
1036 175.0 165.0 0 1 3
1037 175.0 175.0 0 1 3
1038 175.0 185.0 0 1 3
1039 175.0 195.0 0 1 3
1040 175.0 205.0 0 1 3
1041 175.0 215.0 0 1 3
1042 175.0 225.0 0 1 3
1043 175.0 235.0 0 1 3
1044 175.0 245.0 0 1 3
1045 175.0 255.0 0 1 3
1046 175.0 265.0 0 1 3
1047 175.0 275.0 0 1 3
1048 175.0 285.0 0 1 3
1049 175.0 295.0 0 1 3
1050 175.0 305.0 0 1 3
1051 175.0 315.0 0 1 3
1052 175.0 325.0 0 1 3
1053 175.0 335.0 0 1 3
1054 175.0 345.0 0 1 3
1055 175.0 355.0 0 1 3
1056 175.0 365.0 0 1 3
1057 175.0 375.0 0 1 3
1058 175.0 385.0 0 1 3
1059 175.0 395.0 0 1 3
1060 175.0 405.0 0 1 3
1061 175.0 415.0 0 1 3
1062 175.0 425.0 0 1 3
1063 175.0 435.0 0 1 3
1064 175.0 445.0 0 1 3
1065 175.0 455.0 0 1 3
1066 175.0 465.0 0 1 3
1067 175.0 475.0 0 1 3
1068 175.0 485.0 0 1 3
1069 175.0 495.0 0 1 3
1070 175.0 505.0 0 1 3
1071 175.0 515.0 0 1 3
1072 175.0 525.0 0 1 3
1073 175.0 535.0 0 1 3
1074 175.0 545.0 0 1 3
1075 175.0 555.0 0 1 3
1076 175.0 565.0 0 1 3
1077 175.0 575.0 0 1 3
1078 175.0 585.0 0 1 3
1079 175.0 595.0 0 1 3
1080 185.0 5.0 0 1 3
1081 185.0 15.0 0 1 3
1082 185.0 25.0 0 1 3
1083 185.0 35.0 0 1 3
1084 185.0 45.0 0 1 3
1085 185.0 55.0 0 1 3
1086 185.0 65.0 0 1 3
1087 185.0 75.0 0 1 3
1088 185.0 85.0 0 1 3
1089 185.0 95.0 0 1 3
1090 185.0 105.0 0 1 3
1091 185.0 115.0 0 1 3
1092 185.0 125.0 0 1 3
1093 185.0 135.0 0 1 3
1094 185.0 145.0 0 1 3
1095 185.0 155.0 0 1 3
1096 185.0 165.0 0 1 3
1097 185.0 175.0 0 1 3
1098 185.0 185.0 0 1 3
1099 185.0 195.0 0 1 3
1100 185.0 205.0 0 1 3
1101 185.0 215.0 0 1 3
1102 185.0 225.0 0 1 3
1103 185.0 235.0 0 1 3
1104 185.0 245.0 0 1 3
1105 185.0 255.0 0 1 3
1106 185.0 265.0 0 1 3
1107 185.0 275.0 0 1 3
1108 185.0 285.0 0 1 3
1109 185.0 295.0 0 1 3
1110 185.0 305.0 0 1 3
1111 185.0 315.0 0 1 3
1112 185.0 325.0 0 1 3
1113 185.0 335.0 0 1 3
1114 185.0 345.0 0 1 3
1115 185.0 355.0 0 1 3
1116 185.0 365.0 0 1 3
1117 185.0 375.0 0 1 3
1118 185.0 385.0 0 1 3
1119 185.0 395.0 0 1 3
1120 185.0 405.0 0 1 3
1121 185.0 415.0 0 1 3
1122 185.0 425.0 0 1 3
1123 185.0 435.0 0 1 3
1124 185.0 445.0 0 1 3
1125 185.0 455.0 0 1 3
1126 185.0 465.0 0 1 3
1127 185.0 475.0 0 1 3
1128 185.0 485.0 0 1 3
1129 185.0 495.0 0 1 3
1130 185.0 505.0 0 1 3
1131 185.0 515.0 0 1 3
1132 185.0 525.0 0 1 3
1133 185.0 535.0 0 1 3
1134 185.0 545.0 0 1 3
1135 185.0 555.0 0 1 3
1136 185.0 565.0 0 1 3
1137 185.0 575.0 0 1 3
1138 185.0 585.0 0 1 3
1139 185.0 595.0 0 1 3
1140 195.0 5.0 0 1 3
1141 195.0 15.0 0 1 3
1142 195.0 25.0 0 1 3
1143 195.0 35.0 0 1 3
1144 195.0 45.0 0 1 3
1145 195.0 55.0 0 1 3
1146 195.0 65.0 0 1 3
1147 195.0 75.0 0 1 3
1148 195.0 85.0 0 1 3
1149 195.0 95.0 0 1 3
1150 195.0 105.0 0 1 3
1151 195.0 115.0 0 1 3
1152 195.0 125.0 0 1 3
1153 195.0 135.0 0 1 3
1154 195.0 145.0 0 1 3
1155 195.0 155.0 0 1 3
1156 195.0 165.0 0 1 3
1157 195.0 175.0 0 1 3
1158 195.0 185.0 0 1 3
1159 195.0 195.0 0 1 3
1160 195.0 205.0 0 1 3
1161 195.0 215.0 0 1 3
1162 195.0 225.0 0 1 3
1163 195.0 235.0 0 1 3
1164 195.0 245.0 0 1 3
1165 195.0 255.0 0 1 3
1166 195.0 265.0 0 1 3
1167 195.0 275.0 0 1 3
1168 195.0 285.0 0 1 3
1169 195.0 295.0 0 1 3
1170 195.0 305.0 0 1 3
1171 195.0 315.0 0 1 3
1172 195.0 325.0 0 1 3
1173 195.0 335.0 0 1 3
1174 195.0 345.0 0 1 3
1175 195.0 355.0 0 1 3
1176 195.0 365.0 0 1 3
1177 195.0 375.0 0 1 3
1178 195.0 385.0 0 1 3
1179 195.0 395.0 0 1 3
1180 195.0 405.0 0 1 3
1181 195.0 415.0 0 1 3
1182 195.0 425.0 0 1 3
1183 195.0 435.0 0 1 3
1184 195.0 445.0 0 1 3
1185 195.0 455.0 0 1 3
1186 195.0 465.0 0 1 3
1187 195.0 475.0 0 1 3
1188 195.0 485.0 0 1 3
1189 195.0 495.0 0 1 3
1190 195.0 505.0 0 1 3
1191 195.0 515.0 0 1 3
1192 195.0 525.0 0 1 3
1193 195.0 535.0 0 1 3
1194 195.0 545.0 0 1 3
1195 195.0 555.0 0 1 3
1196 195.0 565.0 0 1 3
1197 195.0 575.0 0 1 3
1198 195.0 585.0 0 1 3
1199 195.0 595.0 0 1 3
1200 205.0 5.0 0 1 3
1201 205.0 15.0 0 1 3
1202 205.0 25.0 0 1 3
1203 205.0 35.0 0 1 3
1204 205.0 45.0 0 1 3
1205 205.0 55.0 0 1 3
1206 205.0 65.0 0 1 3
1207 205.0 75.0 0 1 3
1208 205.0 85.0 0 1 3
1209 205.0 95.0 0 1 3
1210 205.0 105.0 0 1 3
1211 205.0 115.0 0 1 3
1212 205.0 125.0 0 1 3
1213 205.0 135.0 0 1 3
1214 205.0 145.0 0 1 3
1215 205.0 155.0 0 1 3
1216 205.0 165.0 0 1 3
1217 205.0 175.0 0 1 3
1218 205.0 185.0 0 1 3
1219 205.0 195.0 0 1 3
1220 205.0 205.0 0 1 3
1221 205.0 215.0 0 1 3
1222 205.0 225.0 0 1 3
1223 205.0 235.0 0 1 3
1224 205.0 245.0 0 1 3
1225 205.0 255.0 0 1 3
1226 205.0 265.0 0 1 3
1227 205.0 275.0 0 1 3
1228 205.0 285.0 0 1 3
1229 205.0 295.0 0 1 3
1230 205.0 305.0 0 1 3
1231 205.0 315.0 0 1 3
1232 205.0 325.0 0 1 3
1233 205.0 335.0 0 1 3
1234 205.0 345.0 0 1 3
1235 205.0 355.0 0 1 3
1236 205.0 365.0 0 1 3
1237 205.0 375.0 0 1 3
1238 205.0 385.0 0 1 3
1239 205.0 395.0 0 1 3
1240 205.0 405.0 0 1 3
1241 205.0 415.0 0 1 3
1242 205.0 425.0 0 1 3
1243 205.0 435.0 0 1 3
1244 205.0 445.0 0 1 3
1245 205.0 455.0 0 1 3
1246 205.0 465.0 0 1 3
1247 205.0 475.0 0 1 3
1248 205.0 485.0 0 1 3
1249 205.0 495.0 0 1 3
1250 205.0 505.0 0 1 3
1251 205.0 515.0 0 1 3
1252 205.0 525.0 0 1 3
1253 205.0 535.0 0 1 3
1254 205.0 545.0 0 1 3
1255 205.0 555.0 0 1 3
1256 205.0 565.0 0 1 3
1257 205.0 575.0 0 1 3
1258 205.0 585.0 0 1 3
1259 205.0 595.0 0 1 3
1260 215.0 5.0 0 1 3
1261 215.0 15.0 0 1 3
1262 215.0 25.0 0 1 3
1263 215.0 35.0 0 1 3
1264 215.0 45.0 0 1 3
1265 215.0 55.0 0 1 3
1266 215.0 65.0 0 1 3
1267 215.0 75.0 0 1 3
1268 215.0 85.0 0 1 3
1269 215.0 95.0 0 1 3
1270 215.0 105.0 0 1 3
1271 215.0 115.0 0 1 3
1272 215.0 125.0 0 1 3
1273 215.0 135.0 0 1 3
1274 215.0 145.0 0 1 3
1275 215.0 155.0 0 1 3
1276 215.0 165.0 0 1 3
1277 215.0 175.0 0 1 3
1278 215.0 185.0 0 1 3
1279 215.0 195.0 0 1 3
1280 215.0 205.0 0 1 3
1281 215.0 215.0 0 1 3
1282 215.0 225.0 0 1 3
1283 215.0 235.0 0 1 3
1284 215.0 245.0 0 1 3
1285 215.0 255.0 0 1 3
1286 215.0 265.0 0 1 3
1287 215.0 275.0 0 1 3
1288 215.0 285.0 0 1 3
1289 215.0 295.0 0 1 3
1290 215.0 305.0 0 1 3
1291 215.0 315.0 0 1 3
1292 215.0 325.0 0 1 3
1293 215.0 335.0 0 1 3
1294 215.0 345.0 0 1 3
1295 215.0 355.0 0 1 3
1296 215.0 365.0 0 1 3
1297 215.0 375.0 0 1 3
1298 215.0 385.0 0 1 3
1299 215.0 395.0 0 1 3
1300 215.0 405.0 0 1 3
1301 215.0 415.0 0 1 3
1302 215.0 425.0 0 1 3
1303 215.0 435.0 0 1 3
1304 215.0 445.0 0 1 3
1305 215.0 455.0 0 1 3
1306 215.0 465.0 0 1 3
1307 215.0 475.0 0 1 3
1308 215.0 485.0 0 1 3
1309 215.0 495.0 0 1 3
1310 215.0 505.0 0 1 3
1311 215.0 515.0 0 1 3
1312 215.0 525.0 0 1 3
1313 215.0 535.0 0 1 3
1314 215.0 545.0 0 1 3
1315 215.0 555.0 0 1 3
1316 215.0 565.0 0 1 3
1317 215.0 575.0 0 1 3
1318 215.0 585.0 0 1 3
1319 215.0 595.0 0 1 3
1320 225.0 5.0 0 1 3
1321 225.0 15.0 0 1 3
1322 225.0 25.0 0 1 3
1323 225.0 35.0 0 1 3
1324 225.0 45.0 0 1 3
1325 225.0 55.0 0 1 3
1326 225.0 65.0 0 1 3
1327 225.0 75.0 0 1 3
1328 225.0 85.0 0 1 3
1329 225.0 95.0 0 1 3
1330 225.0 105.0 0 1 3
1331 225.0 115.0 0 1 3
1332 225.0 125.0 0 1 3
1333 225.0 135.0 0 1 3
1334 225.0 145.0 0 1 3
1335 225.0 155.0 0 1 3
1336 225.0 165.0 0 1 3
1337 225.0 175.0 0 1 3
1338 225.0 185.0 0 1 3
1339 225.0 195.0 0 1 3
1340 225.0 205.0 0 1 3
1341 225.0 215.0 0 1 3
1342 225.0 225.0 0 1 3
1343 225.0 235.0 0 1 3
1344 225.0 245.0 0 1 3
1345 225.0 255.0 0 1 3
1346 225.0 265.0 0 1 3
1347 225.0 275.0 0 1 3
1348 225.0 285.0 0 1 3
1349 225.0 295.0 0 1 3
1350 225.0 305.0 0 1 3
1351 225.0 315.0 0 1 3
1352 225.0 325.0 0 1 3
1353 225.0 335.0 0 1 3
1354 225.0 345.0 0 1 3
1355 225.0 355.0 0 1 3
1356 225.0 365.0 0 1 3
1357 225.0 375.0 0 1 3
1358 225.0 385.0 0 1 3
1359 225.0 395.0 0 1 3
1360 225.0 405.0 0 1 3
1361 225.0 415.0 0 1 3
1362 225.0 425.0 0 1 3
1363 225.0 435.0 0 1 3
1364 225.0 445.0 0 1 3
1365 225.0 455.0 0 1 3
1366 225.0 465.0 0 1 3
1367 225.0 475.0 0 1 3
1368 225.0 485.0 0 1 3
1369 225.0 495.0 0 1 3
1370 225.0 505.0 0 1 3
1371 225.0 515.0 0 1 3
1372 225.0 525.0 0 1 3
1373 225.0 535.0 0 1 3
1374 225.0 545.0 0 1 3
1375 225.0 555.0 0 1 3
1376 225.0 565.0 0 1 3
1377 225.0 575.0 0 1 3
1378 225.0 585.0 0 1 3
1379 225.0 595.0 0 1 3
