0 5.0 0 5.0 1 2
1 5.0 0 15.0 1 2
2 5.0 0 25.0 1 2
3 5.0 0 35.0 1 2
4 5.0 0 45.0 1 2
5 5.0 0 55.0 1 2
6 5.0 0 65.0 1 2
7 5.0 0 75.0 1 2
8 5.0 0 85.0 1 2
9 5.0 0 95.0 1 2
10 15.0 0 5.0 1 2
11 15.0 0 15.0 1 2
12 15.0 0 25.0 1 2
13 15.0 0 35.0 1 2
14 15.0 0 45.0 1 2
15 15.0 0 55.0 1 2
16 15.0 0 65.0 1 2
17 15.0 0 75.0 1 2
18 15.0 0 85.0 1 2
19 15.0 0 95.0 1 2
20 25.0 0 5.0 1 2
21 25.0 0 15.0 1 2
22 25.0 0 25.0 1 2
23 25.0 0 35.0 1 2
24 25.0 0 45.0 1 2
25 25.0 0 55.0 1 2
26 25.0 0 65.0 1 2
27 25.0 0 75.0 1 2
28 25.0 0 85.0 1 2
29 25.0 0 95.0 1 2
30 35.0 0 5.0 1 2
31 35.0 0 15.0 1 2
32 35.0 0 25.0 1 2
33 35.0 0 35.0 1 2
34 35.0 0 45.0 1 2
35 35.0 0 55.0 1 2
36 35.0 0 65.0 1 2
37 35.0 0 75.0 1 2
38 35.0 0 85.0 1 2
39 35.0 0 95.0 1 2
40 45.0 0 5.0 1 2
41 45.0 0 15.0 1 2
42 45.0 0 25.0 1 2
43 45.0 0 35.0 1 2
44 45.0 0 45.0 1 2
45 45.0 0 55.0 1 2
46 45.0 0 65.0 1 2
47 45.0 0 75.0 1 2
48 45.0 0 85.0 1 2
49 45.0 0 95.0 1 2
50 55.0 0 5.0 1 2
51 55.0 0 15.0 1 2
52 55.0 0 25.0 1 2
53 55.0 0 35.0 1 2
54 55.0 0 45.0 1 2
55 55.0 0 55.0 1 2
56 55.0 0 65.0 1 2
57 55.0 0 75.0 1 2
58 55.0 0 85.0 1 2
59 55.0 0 95.0 1 2
60 65.0 0 5.0 1 2
61 65.0 0 15.0 1 2
62 65.0 0 25.0 1 2
63 65.0 0 35.0 1 2
64 65.0 0 45.0 1 2
65 65.0 0 55.0 1 2
66 65.0 0 65.0 1 2
67 65.0 0 75.0 1 2
68 65.0 0 85.0 1 2
69 65.0 0 95.0 1 2
70 75.0 0 5.0 1 2
71 75.0 0 15.0 1 2
72 75.0 0 25.0 1 2
73 75.0 0 35.0 1 2
74 75.0 0 45.0 1 2
75 75.0 0 55.0 1 2
76 75.0 0 65.0 1 2
77 75.0 0 75.0 1 2
78 75.0 0 85.0 1 2
79 75.0 0 95.0 1 2
80 85.0 0 5.0 1 2
81 85.0 0 15.0 1 2
82 85.0 0 25.0 1 2
83 85.0 0 35.0 1 2
84 85.0 0 45.0 1 2
85 85.0 0 55.0 1 2
86 85.0 0 65.0 1 2
87 85.0 0 75.0 1 2
88 85.0 0 85.0 1 2
89 85.0 0 95.0 1 2
90 95.0 0 5.0 1 2
91 95.0 0 15.0 1 2
92 95.0 0 25.0 1 2
93 95.0 0 35.0 1 2
94 95.0 0 45.0 1 2
95 95.0 0 55.0 1 2
96 95.0 0 65.0 1 2
97 95.0 0 75.0 1 2
98 95.0 0 85.0 1 2
99 95.0 0 95.0 1 2
100 105.0 0 5.0 1 2
101 105.0 0 15.0 1 2
102 105.0 0 25.0 1 2
103 105.0 0 35.0 1 2
104 105.0 0 45.0 1 2
105 105.0 0 55.0 1 2
106 105.0 0 65.0 1 2
107 105.0 0 75.0 1 2
108 105.0 0 85.0 1 2
109 105.0 0 95.0 1 2
110 115.0 0 5.0 1 2
111 115.0 0 15.0 1 2
112 115.0 0 25.0 1 2
113 115.0 0 35.0 1 2
114 115.0 0 45.0 1 2
115 115.0 0 55.0 1 2
116 115.0 0 65.0 1 2
117 115.0 0 75.0 1 2
118 115.0 0 85.0 1 2
119 115.0 0 95.0 1 2
120 125.0 0 5.0 1 2
121 125.0 0 15.0 1 2
122 125.0 0 25.0 1 2
123 125.0 0 35.0 1 2
124 125.0 0 45.0 1 2
125 125.0 0 55.0 1 2
126 125.0 0 65.0 1 2
127 125.0 0 75.0 1 2
128 125.0 0 85.0 1 2
129 125.0 0 95.0 1 2
130 135.0 0 5.0 1 2
131 135.0 0 15.0 1 2
132 135.0 0 25.0 1 2
133 135.0 0 35.0 1 2
134 135.0 0 45.0 1 2
135 135.0 0 55.0 1 2
136 135.0 0 65.0 1 2
137 135.0 0 75.0 1 2
138 135.0 0 85.0 1 2
139 135.0 0 95.0 1 2
140 145.0 0 5.0 1 2
141 145.0 0 15.0 1 2
142 145.0 0 25.0 1 2
143 145.0 0 35.0 1 2
144 145.0 0 45.0 1 2
145 145.0 0 55.0 1 2
146 145.0 0 65.0 1 2
147 145.0 0 75.0 1 2
148 145.0 0 85.0 1 2
149 145.0 0 95.0 1 2
150 155.0 0 5.0 1 2
151 155.0 0 15.0 1 2
152 155.0 0 25.0 1 2
153 155.0 0 35.0 1 2
154 155.0 0 45.0 1 2
155 155.0 0 55.0 1 2
156 155.0 0 65.0 1 2
157 155.0 0 75.0 1 2
158 155.0 0 85.0 1 2
159 155.0 0 95.0 1 2
160 5.0 260 5.0 1 2
161 5.0 260 15.0 1 2
162 5.0 260 25.0 1 2
163 5.0 260 35.0 1 2
164 5.0 260 45.0 1 2
165 5.0 260 55.0 1 2
166 5.0 260 65.0 1 2
167 5.0 260 75.0 1 2
168 5.0 260 85.0 1 2
169 5.0 260 95.0 1 2
170 15.0 260 5.0 1 2
171 15.0 260 15.0 1 2
172 15.0 260 25.0 1 2
173 15.0 260 35.0 1 2
174 15.0 260 45.0 1 2
175 15.0 260 55.0 1 2
176 15.0 260 65.0 1 2
177 15.0 260 75.0 1 2
178 15.0 260 85.0 1 2
179 15.0 260 95.0 1 2
180 25.0 260 5.0 1 2
181 25.0 260 15.0 1 2
182 25.0 260 25.0 1 2
183 25.0 260 35.0 1 2
184 25.0 260 45.0 1 2
185 25.0 260 55.0 1 2
186 25.0 260 65.0 1 2
187 25.0 260 75.0 1 2
188 25.0 260 85.0 1 2
189 25.0 260 95.0 1 2
190 35.0 260 5.0 1 2
191 35.0 260 15.0 1 2
192 35.0 260 25.0 1 2
193 35.0 260 35.0 1 2
194 35.0 260 45.0 1 2
195 35.0 260 55.0 1 2
196 35.0 260 65.0 1 2
197 35.0 260 75.0 1 2
198 35.0 260 85.0 1 2
199 35.0 260 95.0 1 2
200 45.0 260 5.0 1 2
201 45.0 260 15.0 1 2
202 45.0 260 25.0 1 2
203 45.0 260 35.0 1 2
204 45.0 260 45.0 1 2
205 45.0 260 55.0 1 2
206 45.0 260 65.0 1 2
207 45.0 260 75.0 1 2
208 45.0 260 85.0 1 2
209 45.0 260 95.0 1 2
210 55.0 260 5.0 1 2
211 55.0 260 15.0 1 2
212 55.0 260 25.0 1 2
213 55.0 260 35.0 1 2
214 55.0 260 45.0 1 2
215 55.0 260 55.0 1 2
216 55.0 260 65.0 1 2
217 55.0 260 75.0 1 2
218 55.0 260 85.0 1 2
219 55.0 260 95.0 1 2
220 65.0 260 5.0 1 2
221 65.0 260 15.0 1 2
222 65.0 260 25.0 1 2
223 65.0 260 35.0 1 2
224 65.0 260 45.0 1 2
225 65.0 260 55.0 1 2
226 65.0 260 65.0 1 2
227 65.0 260 75.0 1 2
228 65.0 260 85.0 1 2
229 65.0 260 95.0 1 2
230 75.0 260 5.0 1 2
231 75.0 260 15.0 1 2
232 75.0 260 25.0 1 2
233 75.0 260 35.0 1 2
234 75.0 260 45.0 1 2
235 75.0 260 55.0 1 2
236 75.0 260 65.0 1 2
237 75.0 260 75.0 1 2
238 75.0 260 85.0 1 2
239 75.0 260 95.0 1 2
240 85.0 260 5.0 1 2
241 85.0 260 15.0 1 2
242 85.0 260 25.0 1 2
243 85.0 260 35.0 1 2
244 85.0 260 45.0 1 2
245 85.0 260 55.0 1 2
246 85.0 260 65.0 1 2
247 85.0 260 75.0 1 2
248 85.0 260 85.0 1 2
249 85.0 260 95.0 1 2
250 95.0 260 5.0 1 2
251 95.0 260 15.0 1 2
252 95.0 260 25.0 1 2
253 95.0 260 35.0 1 2
254 95.0 260 45.0 1 2
255 95.0 260 55.0 1 2
256 95.0 260 65.0 1 2
257 95.0 260 75.0 1 2
258 95.0 260 85.0 1 2
259 95.0 260 95.0 1 2
260 105.0 260 5.0 1 2
261 105.0 260 15.0 1 2
262 105.0 260 25.0 1 2
263 105.0 260 35.0 1 2
264 105.0 260 45.0 1 2
265 105.0 260 55.0 1 2
266 105.0 260 65.0 1 2
267 105.0 260 75.0 1 2
268 105.0 260 85.0 1 2
269 105.0 260 95.0 1 2
270 115.0 260 5.0 1 2
271 115.0 260 15.0 1 2
272 115.0 260 25.0 1 2
273 115.0 260 35.0 1 2
274 115.0 260 45.0 1 2
275 115.0 260 55.0 1 2
276 115.0 260 65.0 1 2
277 115.0 260 75.0 1 2
278 115.0 260 85.0 1 2
279 115.0 260 95.0 1 2
280 125.0 260 5.0 1 2
281 125.0 260 15.0 1 2
282 125.0 260 25.0 1 2
283 125.0 260 35.0 1 2
284 125.0 260 45.0 1 2
285 125.0 260 55.0 1 2
286 125.0 260 65.0 1 2
287 125.0 260 75.0 1 2
288 125.0 260 85.0 1 2
289 125.0 260 95.0 1 2
290 135.0 260 5.0 1 2
291 135.0 260 15.0 1 2
292 135.0 260 25.0 1 2
293 135.0 260 35.0 1 2
294 135.0 260 45.0 1 2
295 135.0 260 55.0 1 2
296 135.0 260 65.0 1 2
297 135.0 260 75.0 1 2
298 135.0 260 85.0 1 2
299 135.0 260 95.0 1 2
300 145.0 260 5.0 1 2
301 145.0 260 15.0 1 2
302 145.0 260 25.0 1 2
303 145.0 260 35.0 1 2
304 145.0 260 45.0 1 2
305 145.0 260 55.0 1 2
306 145.0 260 65.0 1 2
307 145.0 260 75.0 1 2
308 145.0 260 85.0 1 2
309 145.0 260 95.0 1 2
310 155.0 260 5.0 1 2
311 155.0 260 15.0 1 2
312 155.0 260 25.0 1 2
313 155.0 260 35.0 1 2
314 155.0 260 45.0 1 2
315 155.0 260 55.0 1 2
316 155.0 260 65.0 1 2
317 155.0 260 75.0 1 2
318 155.0 260 85.0 1 2
319 155.0 260 95.0 1 2
320 0 5.0 5.0 1 1
321 0 5.0 15.0 1 1
322 0 5.0 25.0 1 1
323 0 5.0 35.0 1 1
324 0 5.0 45.0 1 1
325 0 5.0 55.0 1 1
326 0 5.0 65.0 1 1
327 0 5.0 75.0 1 1
328 0 5.0 85.0 1 1
329 0 5.0 95.0 1 1
330 0 15.0 5.0 1 1
331 0 15.0 15.0 1 1
332 0 15.0 25.0 1 1
333 0 15.0 35.0 1 1
334 0 15.0 45.0 1 1
335 0 15.0 55.0 1 1
336 0 15.0 65.0 1 1
337 0 15.0 75.0 1 1
338 0 15.0 85.0 1 1
339 0 15.0 95.0 1 1
340 0 25.0 5.0 1 1
341 0 25.0 15.0 1 1
342 0 25.0 25.0 1 1
343 0 25.0 35.0 1 1
344 0 25.0 45.0 1 1
345 0 25.0 55.0 1 1
346 0 25.0 65.0 1 1
347 0 25.0 75.0 1 1
348 0 25.0 85.0 1 1
349 0 25.0 95.0 1 1
350 0 35.0 5.0 1 1
351 0 35.0 15.0 1 1
352 0 35.0 25.0 1 1
353 0 35.0 35.0 1 1
354 0 35.0 45.0 1 1
355 0 35.0 55.0 1 1
356 0 35.0 65.0 1 1
357 0 35.0 75.0 1 1
358 0 35.0 85.0 1 1
359 0 35.0 95.0 1 1
360 0 45.0 5.0 1 1
361 0 45.0 15.0 1 1
362 0 45.0 25.0 1 1
363 0 45.0 35.0 1 1
364 0 45.0 45.0 1 1
365 0 45.0 55.0 1 1
366 0 45.0 65.0 1 1
367 0 45.0 75.0 1 1
368 0 45.0 85.0 1 1
369 0 45.0 95.0 1 1
370 0 55.0 5.0 1 1
371 0 55.0 15.0 1 1
372 0 55.0 25.0 1 1
373 0 55.0 35.0 1 1
374 0 55.0 45.0 1 1
375 0 55.0 55.0 1 1
376 0 55.0 65.0 1 1
377 0 55.0 75.0 1 1
378 0 55.0 85.0 1 1
379 0 55.0 95.0 1 1
380 0 65.0 5.0 1 1
381 0 65.0 15.0 1 1
382 0 65.0 25.0 1 1
383 0 65.0 35.0 1 1
384 0 65.0 45.0 1 1
385 0 65.0 55.0 1 1
386 0 65.0 65.0 1 1
387 0 65.0 75.0 1 1
388 0 65.0 85.0 1 1
389 0 65.0 95.0 1 1
390 0 75.0 5.0 1 1
391 0 75.0 15.0 1 1
392 0 75.0 25.0 1 1
393 0 75.0 35.0 1 1
394 0 75.0 45.0 1 1
395 0 75.0 55.0 1 1
396 0 75.0 65.0 1 1
397 0 75.0 75.0 1 1
398 0 75.0 85.0 1 1
399 0 75.0 95.0 1 1
400 0 85.0 5.0 1 1
401 0 85.0 15.0 1 1
402 0 85.0 25.0 1 1
403 0 85.0 35.0 1 1
404 0 85.0 45.0 1 1
405 0 85.0 55.0 1 1
406 0 85.0 65.0 1 1
407 0 85.0 75.0 1 1
408 0 85.0 85.0 1 1
409 0 85.0 95.0 1 1
410 0 95.0 5.0 1 1
411 0 95.0 15.0 1 1
412 0 95.0 25.0 1 1
413 0 95.0 35.0 1 1
414 0 95.0 45.0 1 1
415 0 95.0 55.0 1 1
416 0 95.0 65.0 1 1
417 0 95.0 75.0 1 1
418 0 95.0 85.0 1 1
419 0 95.0 95.0 1 1
420 0 105.0 5.0 1 1
421 0 105.0 15.0 1 1
422 0 105.0 25.0 1 1
423 0 105.0 35.0 1 1
424 0 105.0 45.0 1 1
425 0 105.0 55.0 1 1
426 0 105.0 65.0 1 1
427 0 105.0 75.0 1 1
428 0 105.0 85.0 1 1
429 0 105.0 95.0 1 1
430 0 115.0 5.0 1 1
431 0 115.0 15.0 1 1
432 0 115.0 25.0 1 1
433 0 115.0 35.0 1 1
434 0 115.0 45.0 1 1
435 0 115.0 55.0 1 1
436 0 115.0 65.0 1 1
437 0 115.0 75.0 1 1
438 0 115.0 85.0 1 1
439 0 115.0 95.0 1 1
440 0 125.0 5.0 1 1
441 0 125.0 15.0 1 1
442 0 125.0 25.0 1 1
443 0 125.0 35.0 1 1
444 0 125.0 45.0 1 1
445 0 125.0 55.0 1 1
446 0 125.0 65.0 1 1
447 0 125.0 75.0 1 1
448 0 125.0 85.0 1 1
449 0 125.0 95.0 1 1
450 0 135.0 5.0 1 1
451 0 135.0 15.0 1 1
452 0 135.0 25.0 1 1
453 0 135.0 35.0 1 1
454 0 135.0 45.0 1 1
455 0 135.0 55.0 1 1
456 0 135.0 65.0 1 1
457 0 135.0 75.0 1 1
458 0 135.0 85.0 1 1
459 0 135.0 95.0 1 1
460 0 145.0 5.0 1 1
461 0 145.0 15.0 1 1
462 0 145.0 25.0 1 1
463 0 145.0 35.0 1 1
464 0 145.0 45.0 1 1
465 0 145.0 55.0 1 1
466 0 145.0 65.0 1 1
467 0 145.0 75.0 1 1
468 0 145.0 85.0 1 1
469 0 145.0 95.0 1 1
470 0 155.0 5.0 1 1
471 0 155.0 15.0 1 1
472 0 155.0 25.0 1 1
473 0 155.0 35.0 1 1
474 0 155.0 45.0 1 1
475 0 155.0 55.0 1 1
476 0 155.0 65.0 1 1
477 0 155.0 75.0 1 1
478 0 155.0 85.0 1 1
479 0 155.0 95.0 1 1
480 0 165.0 5.0 1 1
481 0 165.0 15.0 1 1
482 0 165.0 25.0 1 1
483 0 165.0 35.0 1 1
484 0 165.0 45.0 1 1
485 0 165.0 55.0 1 1
486 0 165.0 65.0 1 1
487 0 165.0 75.0 1 1
488 0 165.0 85.0 1 1
489 0 165.0 95.0 1 1
490 0 175.0 5.0 1 1
491 0 175.0 15.0 1 1
492 0 175.0 25.0 1 1
493 0 175.0 35.0 1 1
494 0 175.0 45.0 1 1
495 0 175.0 55.0 1 1
496 0 175.0 65.0 1 1
497 0 175.0 75.0 1 1
498 0 175.0 85.0 1 1
499 0 175.0 95.0 1 1
500 0 185.0 5.0 1 1
501 0 185.0 15.0 1 1
502 0 185.0 25.0 1 1
503 0 185.0 35.0 1 1
504 0 185.0 45.0 1 1
505 0 185.0 55.0 1 1
506 0 185.0 65.0 1 1
507 0 185.0 75.0 1 1
508 0 185.0 85.0 1 1
509 0 185.0 95.0 1 1
510 0 195.0 5.0 1 1
511 0 195.0 15.0 1 1
512 0 195.0 25.0 1 1
513 0 195.0 35.0 1 1
514 0 195.0 45.0 1 1
515 0 195.0 55.0 1 1
516 0 195.0 65.0 1 1
517 0 195.0 75.0 1 1
518 0 195.0 85.0 1 1
519 0 195.0 95.0 1 1
520 0 205.0 5.0 1 1
521 0 205.0 15.0 1 1
522 0 205.0 25.0 1 1
523 0 205.0 35.0 1 1
524 0 205.0 45.0 1 1
525 0 205.0 55.0 1 1
526 0 205.0 65.0 1 1
527 0 205.0 75.0 1 1
528 0 205.0 85.0 1 1
529 0 205.0 95.0 1 1
530 0 215.0 5.0 1 1
531 0 215.0 15.0 1 1
532 0 215.0 25.0 1 1
533 0 215.0 35.0 1 1
534 0 215.0 45.0 1 1
535 0 215.0 55.0 1 1
536 0 215.0 65.0 1 1
537 0 215.0 75.0 1 1
538 0 215.0 85.0 1 1
539 0 215.0 95.0 1 1
540 0 225.0 5.0 1 1
541 0 225.0 15.0 1 1
542 0 225.0 25.0 1 1
543 0 225.0 35.0 1 1
544 0 225.0 45.0 1 1
545 0 225.0 55.0 1 1
546 0 225.0 65.0 1 1
547 0 225.0 75.0 1 1
548 0 225.0 85.0 1 1
549 0 225.0 95.0 1 1
550 0 235.0 5.0 1 1
551 0 235.0 15.0 1 1
552 0 235.0 25.0 1 1
553 0 235.0 35.0 1 1
554 0 235.0 45.0 1 1
555 0 235.0 55.0 1 1
556 0 235.0 65.0 1 1
557 0 235.0 75.0 1 1
558 0 235.0 85.0 1 1
559 0 235.0 95.0 1 1
560 0 245.0 5.0 1 1
561 0 245.0 15.0 1 1
562 0 245.0 25.0 1 1
563 0 245.0 35.0 1 1
564 0 245.0 45.0 1 1
565 0 245.0 55.0 1 1
566 0 245.0 65.0 1 1
567 0 245.0 75.0 1 1
568 0 245.0 85.0 1 1
569 0 245.0 95.0 1 1
570 0 255.0 5.0 1 1
571 0 255.0 15.0 1 1
572 0 255.0 25.0 1 1
573 0 255.0 35.0 1 1
574 0 255.0 45.0 1 1
575 0 255.0 55.0 1 1
576 0 255.0 65.0 1 1
577 0 255.0 75.0 1 1
578 0 255.0 85.0 1 1
579 0 255.0 95.0 1 1
580 160 5.0 5.0 1 1
581 160 5.0 15.0 1 1
582 160 5.0 25.0 1 1
583 160 5.0 35.0 1 1
584 160 5.0 45.0 1 1
585 160 5.0 55.0 1 1
586 160 5.0 65.0 1 1
587 160 5.0 75.0 1 1
588 160 5.0 85.0 1 1
589 160 5.0 95.0 1 1
590 160 15.0 5.0 1 1
591 160 15.0 15.0 1 1
592 160 15.0 25.0 1 1
593 160 15.0 35.0 1 1
594 160 15.0 45.0 1 1
595 160 15.0 55.0 1 1
596 160 15.0 65.0 1 1
597 160 15.0 75.0 1 1
598 160 15.0 85.0 1 1
599 160 15.0 95.0 1 1
600 160 25.0 5.0 1 1
601 160 25.0 15.0 1 1
602 160 25.0 25.0 1 1
603 160 25.0 35.0 1 1
604 160 25.0 45.0 1 1
605 160 25.0 55.0 1 1
606 160 25.0 65.0 1 1
607 160 25.0 75.0 1 1
608 160 25.0 85.0 1 1
609 160 25.0 95.0 1 1
610 160 35.0 5.0 1 1
611 160 35.0 15.0 1 1
612 160 35.0 25.0 1 1
613 160 35.0 35.0 1 1
614 160 35.0 45.0 1 1
615 160 35.0 55.0 1 1
616 160 35.0 65.0 1 1
617 160 35.0 75.0 1 1
618 160 35.0 85.0 1 1
619 160 35.0 95.0 1 1
620 160 45.0 5.0 1 1
621 160 45.0 15.0 1 1
622 160 45.0 25.0 1 1
623 160 45.0 35.0 1 1
624 160 45.0 45.0 1 1
625 160 45.0 55.0 1 1
626 160 45.0 65.0 1 1
627 160 45.0 75.0 1 1
628 160 45.0 85.0 1 1
629 160 45.0 95.0 1 1
630 160 55.0 5.0 1 1
631 160 55.0 15.0 1 1
632 160 55.0 25.0 1 1
633 160 55.0 35.0 1 1
634 160 55.0 45.0 1 1
635 160 55.0 55.0 1 1
636 160 55.0 65.0 1 1
637 160 55.0 75.0 1 1
638 160 55.0 85.0 1 1
639 160 55.0 95.0 1 1
640 160 65.0 5.0 1 1
641 160 65.0 15.0 1 1
642 160 65.0 25.0 1 1
643 160 65.0 35.0 1 1
644 160 65.0 45.0 1 1
645 160 65.0 55.0 1 1
646 160 65.0 65.0 1 1
647 160 65.0 75.0 1 1
648 160 65.0 85.0 1 1
649 160 65.0 95.0 1 1
650 160 75.0 5.0 1 1
651 160 75.0 15.0 1 1
652 160 75.0 25.0 1 1
653 160 75.0 35.0 1 1
654 160 75.0 45.0 1 1
655 160 75.0 55.0 1 1
656 160 75.0 65.0 1 1
657 160 75.0 75.0 1 1
658 160 75.0 85.0 1 1
659 160 75.0 95.0 1 1
660 160 85.0 5.0 1 1
661 160 85.0 15.0 1 1
662 160 85.0 25.0 1 1
663 160 85.0 35.0 1 1
664 160 85.0 45.0 1 1
665 160 85.0 55.0 1 1
666 160 85.0 65.0 1 1
667 160 85.0 75.0 1 1
668 160 85.0 85.0 1 1
669 160 85.0 95.0 1 1
670 160 95.0 5.0 1 1
671 160 95.0 15.0 1 1
672 160 95.0 25.0 1 1
673 160 95.0 35.0 1 1
674 160 95.0 45.0 1 1
675 160 95.0 55.0 1 1
676 160 95.0 65.0 1 1
677 160 95.0 75.0 1 1
678 160 95.0 85.0 1 1
679 160 95.0 95.0 1 1
680 160 105.0 5.0 1 1
681 160 105.0 15.0 1 1
682 160 105.0 25.0 1 1
683 160 105.0 35.0 1 1
684 160 105.0 45.0 1 1
685 160 105.0 55.0 1 1
686 160 105.0 65.0 1 1
687 160 105.0 75.0 1 1
688 160 105.0 85.0 1 1
689 160 105.0 95.0 1 1
690 160 115.0 5.0 1 1
691 160 115.0 15.0 1 1
692 160 115.0 25.0 1 1
693 160 115.0 35.0 1 1
694 160 115.0 45.0 1 1
695 160 115.0 55.0 1 1
696 160 115.0 65.0 1 1
697 160 115.0 75.0 1 1
698 160 115.0 85.0 1 1
699 160 115.0 95.0 1 1
700 160 125.0 5.0 1 1
701 160 125.0 15.0 1 1
702 160 125.0 25.0 1 1
703 160 125.0 35.0 1 1
704 160 125.0 45.0 1 1
705 160 125.0 55.0 1 1
706 160 125.0 65.0 1 1
707 160 125.0 75.0 1 1
708 160 125.0 85.0 1 1
709 160 125.0 95.0 1 1
710 160 135.0 5.0 1 1
711 160 135.0 15.0 1 1
712 160 135.0 25.0 1 1
713 160 135.0 35.0 1 1
714 160 135.0 45.0 1 1
715 160 135.0 55.0 1 1
716 160 135.0 65.0 1 1
717 160 135.0 75.0 1 1
718 160 135.0 85.0 1 1
719 160 135.0 95.0 1 1
720 160 145.0 5.0 1 1
721 160 145.0 15.0 1 1
722 160 145.0 25.0 1 1
723 160 145.0 35.0 1 1
724 160 145.0 45.0 1 1
725 160 145.0 55.0 1 1
726 160 145.0 65.0 1 1
727 160 145.0 75.0 1 1
728 160 145.0 85.0 1 1
729 160 145.0 95.0 1 1
730 160 155.0 5.0 1 1
731 160 155.0 15.0 1 1
732 160 155.0 25.0 1 1
733 160 155.0 35.0 1 1
734 160 155.0 45.0 1 1
735 160 155.0 55.0 1 1
736 160 155.0 65.0 1 1
737 160 155.0 75.0 1 1
738 160 155.0 85.0 1 1
739 160 155.0 95.0 1 1
740 160 165.0 5.0 1 1
741 160 165.0 15.0 1 1
742 160 165.0 25.0 1 1
743 160 165.0 35.0 1 1
744 160 165.0 45.0 1 1
745 160 165.0 55.0 1 1
746 160 165.0 65.0 1 1
747 160 165.0 75.0 1 1
748 160 165.0 85.0 1 1
749 160 165.0 95.0 1 1
750 160 175.0 5.0 1 1
751 160 175.0 15.0 1 1
752 160 175.0 25.0 1 1
753 160 175.0 35.0 1 1
754 160 175.0 45.0 1 1
755 160 175.0 55.0 1 1
756 160 175.0 65.0 1 1
757 160 175.0 75.0 1 1
758 160 175.0 85.0 1 1
759 160 175.0 95.0 1 1
760 160 185.0 5.0 1 1
761 160 185.0 15.0 1 1
762 160 185.0 25.0 1 1
763 160 185.0 35.0 1 1
764 160 185.0 45.0 1 1
765 160 185.0 55.0 1 1
766 160 185.0 65.0 1 1
767 160 185.0 75.0 1 1
768 160 185.0 85.0 1 1
769 160 185.0 95.0 1 1
770 160 195.0 5.0 1 1
771 160 195.0 15.0 1 1
772 160 195.0 25.0 1 1
773 160 195.0 35.0 1 1
774 160 195.0 45.0 1 1
775 160 195.0 55.0 1 1
776 160 195.0 65.0 1 1
777 160 195.0 75.0 1 1
778 160 195.0 85.0 1 1
779 160 195.0 95.0 1 1
780 160 205.0 5.0 1 1
781 160 205.0 15.0 1 1
782 160 205.0 25.0 1 1
783 160 205.0 35.0 1 1
784 160 205.0 45.0 1 1
785 160 205.0 55.0 1 1
786 160 205.0 65.0 1 1
787 160 205.0 75.0 1 1
788 160 205.0 85.0 1 1
789 160 205.0 95.0 1 1
790 160 215.0 5.0 1 1
791 160 215.0 15.0 1 1
792 160 215.0 25.0 1 1
793 160 215.0 35.0 1 1
794 160 215.0 45.0 1 1
795 160 215.0 55.0 1 1
796 160 215.0 65.0 1 1
797 160 215.0 75.0 1 1
798 160 215.0 85.0 1 1
799 160 215.0 95.0 1 1
800 160 225.0 5.0 1 1
801 160 225.0 15.0 1 1
802 160 225.0 25.0 1 1
803 160 225.0 35.0 1 1
804 160 225.0 45.0 1 1
805 160 225.0 55.0 1 1
806 160 225.0 65.0 1 1
807 160 225.0 75.0 1 1
808 160 225.0 85.0 1 1
809 160 225.0 95.0 1 1
810 160 235.0 5.0 1 1
811 160 235.0 15.0 1 1
812 160 235.0 25.0 1 1
813 160 235.0 35.0 1 1
814 160 235.0 45.0 1 1
815 160 235.0 55.0 1 1
816 160 235.0 65.0 1 1
817 160 235.0 75.0 1 1
818 160 235.0 85.0 1 1
819 160 235.0 95.0 1 1
820 160 245.0 5.0 1 1
821 160 245.0 15.0 1 1
822 160 245.0 25.0 1 1
823 160 245.0 35.0 1 1
824 160 245.0 45.0 1 1
825 160 245.0 55.0 1 1
826 160 245.0 65.0 1 1
827 160 245.0 75.0 1 1
828 160 245.0 85.0 1 1
829 160 245.0 95.0 1 1
830 160 255.0 5.0 1 1
831 160 255.0 15.0 1 1
832 160 255.0 25.0 1 1
833 160 255.0 35.0 1 1
834 160 255.0 45.0 1 1
835 160 255.0 55.0 1 1
836 160 255.0 65.0 1 1
837 160 255.0 75.0 1 1
838 160 255.0 85.0 1 1
839 160 255.0 95.0 1 1
