0 2.5 2.5 0 1 3
1 2.5 7.5 0 1 3
2 2.5 12.5 0 1 3
3 2.5 17.5 0 1 3
4 2.5 22.5 0 1 3
5 2.5 27.5 0 1 3
6 2.5 32.5 0 1 3
7 2.5 37.5 0 1 3
8 2.5 42.5 0 1 3
9 2.5 47.5 0 1 3
10 2.5 52.5 0 1 3
11 2.5 57.5 0 1 3
12 2.5 62.5 0 1 3
13 2.5 67.5 0 1 3
14 2.5 72.5 0 1 3
15 2.5 77.5 0 1 3
16 2.5 82.5 0 1 3
17 2.5 87.5 0 1 3
18 2.5 92.5 0 1 3
19 2.5 97.5 0 1 3
20 2.5 102.5 0 1 3
21 2.5 107.5 0 1 3
22 2.5 112.5 0 1 3
23 2.5 117.5 0 1 3
24 2.5 122.5 0 1 3
25 2.5 127.5 0 1 3
26 2.5 132.5 0 1 3
27 2.5 137.5 0 1 3
28 2.5 142.5 0 1 3
29 2.5 147.5 0 1 3
30 2.5 152.5 0 1 3
31 2.5 157.5 0 1 3
32 2.5 162.5 0 1 3
33 2.5 167.5 0 1 3
34 2.5 172.5 0 1 3
35 2.5 177.5 0 1 3
36 2.5 182.5 0 1 3
37 2.5 187.5 0 1 3
38 2.5 192.5 0 1 3
39 2.5 197.5 0 1 3
40 2.5 202.5 0 1 3
41 2.5 207.5 0 1 3
42 2.5 212.5 0 1 3
43 2.5 217.5 0 1 3
44 2.5 222.5 0 1 3
45 2.5 227.5 0 1 3
46 2.5 232.5 0 1 3
47 2.5 237.5 0 1 3
48 2.5 242.5 0 1 3
49 2.5 247.5 0 1 3
50 2.5 252.5 0 1 3
51 2.5 257.5 0 1 3
52 7.5 2.5 0 1 3
53 7.5 7.5 0 1 3
54 7.5 12.5 0 1 3
55 7.5 17.5 0 1 3
56 7.5 22.5 0 1 3
57 7.5 27.5 0 1 3
58 7.5 32.5 0 1 3
59 7.5 37.5 0 1 3
60 7.5 42.5 0 1 3
61 7.5 47.5 0 1 3
62 7.5 52.5 0 1 3
63 7.5 57.5 0 1 3
64 7.5 62.5 0 1 3
65 7.5 67.5 0 1 3
66 7.5 72.5 0 1 3
67 7.5 77.5 0 1 3
68 7.5 82.5 0 1 3
69 7.5 87.5 0 1 3
70 7.5 92.5 0 1 3
71 7.5 97.5 0 1 3
72 7.5 102.5 0 1 3
73 7.5 107.5 0 1 3
74 7.5 112.5 0 1 3
75 7.5 117.5 0 1 3
76 7.5 122.5 0 1 3
77 7.5 127.5 0 1 3
78 7.5 132.5 0 1 3
79 7.5 137.5 0 1 3
80 7.5 142.5 0 1 3
81 7.5 147.5 0 1 3
82 7.5 152.5 0 1 3
83 7.5 157.5 0 1 3
84 7.5 162.5 0 1 3
85 7.5 167.5 0 1 3
86 7.5 172.5 0 1 3
87 7.5 177.5 0 1 3
88 7.5 182.5 0 1 3
89 7.5 187.5 0 1 3
90 7.5 192.5 0 1 3
91 7.5 197.5 0 1 3
92 7.5 202.5 0 1 3
93 7.5 207.5 0 1 3
94 7.5 212.5 0 1 3
95 7.5 217.5 0 1 3
96 7.5 222.5 0 1 3
97 7.5 227.5 0 1 3
98 7.5 232.5 0 1 3
99 7.5 237.5 0 1 3
100 7.5 242.5 0 1 3
101 7.5 247.5 0 1 3
102 7.5 252.5 0 1 3
103 7.5 257.5 0 1 3
104 12.5 2.5 0 1 3
105 12.5 7.5 0 1 3
106 12.5 12.5 0 1 3
107 12.5 17.5 0 1 3
108 12.5 22.5 0 1 3
109 12.5 27.5 0 1 3
110 12.5 32.5 0 1 3
111 12.5 37.5 0 1 3
112 12.5 42.5 0 1 3
113 12.5 47.5 0 1 3
114 12.5 52.5 0 1 3
115 12.5 57.5 0 1 3
116 12.5 62.5 0 1 3
117 12.5 67.5 0 1 3
118 12.5 72.5 0 1 3
119 12.5 77.5 0 1 3
120 12.5 82.5 0 1 3
121 12.5 87.5 0 1 3
122 12.5 92.5 0 1 3
123 12.5 97.5 0 1 3
124 12.5 102.5 0 1 3
125 12.5 107.5 0 1 3
126 12.5 112.5 0 1 3
127 12.5 117.5 0 1 3
128 12.5 122.5 0 1 3
129 12.5 127.5 0 1 3
130 12.5 132.5 0 1 3
131 12.5 137.5 0 1 3
132 12.5 142.5 0 1 3
133 12.5 147.5 0 1 3
134 12.5 152.5 0 1 3
135 12.5 157.5 0 1 3
136 12.5 162.5 0 1 3
137 12.5 167.5 0 1 3
138 12.5 172.5 0 1 3
139 12.5 177.5 0 1 3
140 12.5 182.5 0 1 3
141 12.5 187.5 0 1 3
142 12.5 192.5 0 1 3
143 12.5 197.5 0 1 3
144 12.5 202.5 0 1 3
145 12.5 207.5 0 1 3
146 12.5 212.5 0 1 3
147 12.5 217.5 0 1 3
148 12.5 222.5 0 1 3
149 12.5 227.5 0 1 3
150 12.5 232.5 0 1 3
151 12.5 237.5 0 1 3
152 12.5 242.5 0 1 3
153 12.5 247.5 0 1 3
154 12.5 252.5 0 1 3
155 12.5 257.5 0 1 3
156 17.5 2.5 0 1 3
157 17.5 7.5 0 1 3
158 17.5 12.5 0 1 3
159 17.5 17.5 0 1 3
160 17.5 22.5 0 1 3
161 17.5 27.5 0 1 3
162 17.5 32.5 0 1 3
163 17.5 37.5 0 1 3
164 17.5 42.5 0 1 3
165 17.5 47.5 0 1 3
166 17.5 52.5 0 1 3
167 17.5 57.5 0 1 3
168 17.5 62.5 0 1 3
169 17.5 67.5 0 1 3
170 17.5 72.5 0 1 3
171 17.5 77.5 0 1 3
172 17.5 82.5 0 1 3
173 17.5 87.5 0 1 3
174 17.5 92.5 0 1 3
175 17.5 97.5 0 1 3
176 17.5 102.5 0 1 3
177 17.5 107.5 0 1 3
178 17.5 112.5 0 1 3
179 17.5 117.5 0 1 3
180 17.5 122.5 0 1 3
181 17.5 127.5 0 1 3
182 17.5 132.5 0 1 3
183 17.5 137.5 0 1 3
184 17.5 142.5 0 1 3
185 17.5 147.5 0 1 3
186 17.5 152.5 0 1 3
187 17.5 157.5 0 1 3
188 17.5 162.5 0 1 3
189 17.5 167.5 0 1 3
190 17.5 172.5 0 1 3
191 17.5 177.5 0 1 3
192 17.5 182.5 0 1 3
193 17.5 187.5 0 1 3
194 17.5 192.5 0 1 3
195 17.5 197.5 0 1 3
196 17.5 202.5 0 1 3
197 17.5 207.5 0 1 3
198 17.5 212.5 0 1 3
199 17.5 217.5 0 1 3
200 17.5 222.5 0 1 3
201 17.5 227.5 0 1 3
202 17.5 232.5 0 1 3
203 17.5 237.5 0 1 3
204 17.5 242.5 0 1 3
205 17.5 247.5 0 1 3
206 17.5 252.5 0 1 3
207 17.5 257.5 0 1 3
208 22.5 2.5 0 1 3
209 22.5 7.5 0 1 3
210 22.5 12.5 0 1 3
211 22.5 17.5 0 1 3
212 22.5 22.5 0 1 3
213 22.5 27.5 0 1 3
214 22.5 32.5 0 1 3
215 22.5 37.5 0 1 3
216 22.5 42.5 0 1 3
217 22.5 47.5 0 1 3
218 22.5 52.5 0 1 3
219 22.5 57.5 0 1 3
220 22.5 62.5 0 1 3
221 22.5 67.5 0 1 3
222 22.5 72.5 0 1 3
223 22.5 77.5 0 1 3
224 22.5 82.5 0 1 3
225 22.5 87.5 0 1 3
226 22.5 92.5 0 1 3
227 22.5 97.5 0 1 3
228 22.5 102.5 0 1 3
229 22.5 107.5 0 1 3
230 22.5 112.5 0 1 3
231 22.5 117.5 0 1 3
232 22.5 122.5 0 1 3
233 22.5 127.5 0 1 3
234 22.5 132.5 0 1 3
235 22.5 137.5 0 1 3
236 22.5 142.5 0 1 3
237 22.5 147.5 0 1 3
238 22.5 152.5 0 1 3
239 22.5 157.5 0 1 3
240 22.5 162.5 0 1 3
241 22.5 167.5 0 1 3
242 22.5 172.5 0 1 3
243 22.5 177.5 0 1 3
244 22.5 182.5 0 1 3
245 22.5 187.5 0 1 3
246 22.5 192.5 0 1 3
247 22.5 197.5 0 1 3
248 22.5 202.5 0 1 3
249 22.5 207.5 0 1 3
250 22.5 212.5 0 1 3
251 22.5 217.5 0 1 3
252 22.5 222.5 0 1 3
253 22.5 227.5 0 1 3
254 22.5 232.5 0 1 3
255 22.5 237.5 0 1 3
256 22.5 242.5 0 1 3
257 22.5 247.5 0 1 3
258 22.5 252.5 0 1 3
259 22.5 257.5 0 1 3
260 27.5 2.5 0 1 3
261 27.5 7.5 0 1 3
262 27.5 12.5 0 1 3
263 27.5 17.5 0 1 3
264 27.5 22.5 0 1 3
265 27.5 27.5 0 1 3
266 27.5 32.5 0 1 3
267 27.5 37.5 0 1 3
268 27.5 42.5 0 1 3
269 27.5 47.5 0 1 3
270 27.5 52.5 0 1 3
271 27.5 57.5 0 1 3
272 27.5 62.5 0 1 3
273 27.5 67.5 0 1 3
274 27.5 72.5 0 1 3
275 27.5 77.5 0 1 3
276 27.5 82.5 0 1 3
277 27.5 87.5 0 1 3
278 27.5 92.5 0 1 3
279 27.5 97.5 0 1 3
280 27.5 102.5 0 1 3
281 27.5 107.5 0 1 3
282 27.5 112.5 0 1 3
283 27.5 117.5 0 1 3
284 27.5 122.5 0 1 3
285 27.5 127.5 0 1 3
286 27.5 132.5 0 1 3
287 27.5 137.5 0 1 3
288 27.5 142.5 0 1 3
289 27.5 147.5 0 1 3
290 27.5 152.5 0 1 3
291 27.5 157.5 0 1 3
292 27.5 162.5 0 1 3
293 27.5 167.5 0 1 3
294 27.5 172.5 0 1 3
295 27.5 177.5 0 1 3
296 27.5 182.5 0 1 3
297 27.5 187.5 0 1 3
298 27.5 192.5 0 1 3
299 27.5 197.5 0 1 3
300 27.5 202.5 0 1 3
301 27.5 207.5 0 1 3
302 27.5 212.5 0 1 3
303 27.5 217.5 0 1 3
304 27.5 222.5 0 1 3
305 27.5 227.5 0 1 3
306 27.5 232.5 0 1 3
307 27.5 237.5 0 1 3
308 27.5 242.5 0 1 3
309 27.5 247.5 0 1 3
310 27.5 252.5 0 1 3
311 27.5 257.5 0 1 3
312 32.5 2.5 0 1 3
313 32.5 7.5 0 1 3
314 32.5 12.5 0 1 3
315 32.5 17.5 0 1 3
316 32.5 22.5 0 1 3
317 32.5 27.5 0 1 3
318 32.5 32.5 0 1 3
319 32.5 37.5 0 1 3
320 32.5 42.5 0 1 3
321 32.5 47.5 0 1 3
322 32.5 52.5 0 1 3
323 32.5 57.5 0 1 3
324 32.5 62.5 0 1 3
325 32.5 67.5 0 1 3
326 32.5 72.5 0 1 3
327 32.5 77.5 0 1 3
328 32.5 82.5 0 1 3
329 32.5 87.5 0 1 3
330 32.5 92.5 0 1 3
331 32.5 97.5 0 1 3
332 32.5 102.5 0 1 3
333 32.5 107.5 0 1 3
334 32.5 112.5 0 1 3
335 32.5 117.5 0 1 3
336 32.5 122.5 0 1 3
337 32.5 127.5 0 1 3
338 32.5 132.5 0 1 3
339 32.5 137.5 0 1 3
340 32.5 142.5 0 1 3
341 32.5 147.5 0 1 3
342 32.5 152.5 0 1 3
343 32.5 157.5 0 1 3
344 32.5 162.5 0 1 3
345 32.5 167.5 0 1 3
346 32.5 172.5 0 1 3
347 32.5 177.5 0 1 3
348 32.5 182.5 0 1 3
349 32.5 187.5 0 1 3
350 32.5 192.5 0 1 3
351 32.5 197.5 0 1 3
352 32.5 202.5 0 1 3
353 32.5 207.5 0 1 3
354 32.5 212.5 0 1 3
355 32.5 217.5 0 1 3
356 32.5 222.5 0 1 3
357 32.5 227.5 0 1 3
358 32.5 232.5 0 1 3
359 32.5 237.5 0 1 3
360 32.5 242.5 0 1 3
361 32.5 247.5 0 1 3
362 32.5 252.5 0 1 3
363 32.5 257.5 0 1 3
364 37.5 2.5 0 1 3
365 37.5 7.5 0 1 3
366 37.5 12.5 0 1 3
367 37.5 17.5 0 1 3
368 37.5 22.5 0 1 3
369 37.5 27.5 0 1 3
370 37.5 32.5 0 1 3
371 37.5 37.5 0 1 3
372 37.5 42.5 0 1 3
373 37.5 47.5 0 1 3
374 37.5 52.5 0 1 3
375 37.5 57.5 0 1 3
376 37.5 62.5 0 1 3
377 37.5 67.5 0 1 3
378 37.5 72.5 0 1 3
379 37.5 77.5 0 1 3
380 37.5 82.5 0 1 3
381 37.5 87.5 0 1 3
382 37.5 92.5 0 1 3
383 37.5 97.5 0 1 3
384 37.5 102.5 0 1 3
385 37.5 107.5 0 1 3
386 37.5 112.5 0 1 3
387 37.5 117.5 0 1 3
388 37.5 122.5 0 1 3
389 37.5 127.5 0 1 3
390 37.5 132.5 0 1 3
391 37.5 137.5 0 1 3
392 37.5 142.5 0 1 3
393 37.5 147.5 0 1 3
394 37.5 152.5 0 1 3
395 37.5 157.5 0 1 3
396 37.5 162.5 0 1 3
397 37.5 167.5 0 1 3
398 37.5 172.5 0 1 3
399 37.5 177.5 0 1 3
400 37.5 182.5 0 1 3
401 37.5 187.5 0 1 3
402 37.5 192.5 0 1 3
403 37.5 197.5 0 1 3
404 37.5 202.5 0 1 3
405 37.5 207.5 0 1 3
406 37.5 212.5 0 1 3
407 37.5 217.5 0 1 3
408 37.5 222.5 0 1 3
409 37.5 227.5 0 1 3
410 37.5 232.5 0 1 3
411 37.5 237.5 0 1 3
412 37.5 242.5 0 1 3
413 37.5 247.5 0 1 3
414 37.5 252.5 0 1 3
415 37.5 257.5 0 1 3
416 42.5 2.5 0 1 3
417 42.5 7.5 0 1 3
418 42.5 12.5 0 1 3
419 42.5 17.5 0 1 3
420 42.5 22.5 0 1 3
421 42.5 27.5 0 1 3
422 42.5 32.5 0 1 3
423 42.5 37.5 0 1 3
424 42.5 42.5 0 1 3
425 42.5 47.5 0 1 3
426 42.5 52.5 0 1 3
427 42.5 57.5 0 1 3
428 42.5 62.5 0 1 3
429 42.5 67.5 0 1 3
430 42.5 72.5 0 1 3
431 42.5 77.5 0 1 3
432 42.5 82.5 0 1 3
433 42.5 87.5 0 1 3
434 42.5 92.5 0 1 3
435 42.5 97.5 0 1 3
436 42.5 102.5 0 1 3
437 42.5 107.5 0 1 3
438 42.5 112.5 0 1 3
439 42.5 117.5 0 1 3
440 42.5 122.5 0 1 3
441 42.5 127.5 0 1 3
442 42.5 132.5 0 1 3
443 42.5 137.5 0 1 3
444 42.5 142.5 0 1 3
445 42.5 147.5 0 1 3
446 42.5 152.5 0 1 3
447 42.5 157.5 0 1 3
448 42.5 162.5 0 1 3
449 42.5 167.5 0 1 3
450 42.5 172.5 0 1 3
451 42.5 177.5 0 1 3
452 42.5 182.5 0 1 3
453 42.5 187.5 0 1 3
454 42.5 192.5 0 1 3
455 42.5 197.5 0 1 3
456 42.5 202.5 0 1 3
457 42.5 207.5 0 1 3
458 42.5 212.5 0 1 3
459 42.5 217.5 0 1 3
460 42.5 222.5 0 1 3
461 42.5 227.5 0 1 3
462 42.5 232.5 0 1 3
463 42.5 237.5 0 1 3
464 42.5 242.5 0 1 3
465 42.5 247.5 0 1 3
466 42.5 252.5 0 1 3
467 42.5 257.5 0 1 3
468 47.5 2.5 0 1 3
469 47.5 7.5 0 1 3
470 47.5 12.5 0 1 3
471 47.5 17.5 0 1 3
472 47.5 22.5 0 1 3
473 47.5 27.5 0 1 3
474 47.5 32.5 0 1 3
475 47.5 37.5 0 1 3
476 47.5 42.5 0 1 3
477 47.5 47.5 0 1 3
478 47.5 52.5 0 1 3
479 47.5 57.5 0 1 3
480 47.5 62.5 0 1 3
481 47.5 67.5 0 1 3
482 47.5 72.5 0 1 3
483 47.5 77.5 0 1 3
484 47.5 82.5 0 1 3
485 47.5 87.5 0 1 3
486 47.5 92.5 0 1 3
487 47.5 97.5 0 1 3
488 47.5 102.5 0 1 3
489 47.5 107.5 0 1 3
490 47.5 112.5 0 1 3
491 47.5 117.5 0 1 3
492 47.5 122.5 0 1 3
493 47.5 127.5 0 1 3
494 47.5 132.5 0 1 3
495 47.5 137.5 0 1 3
496 47.5 142.5 0 1 3
497 47.5 147.5 0 1 3
498 47.5 152.5 0 1 3
499 47.5 157.5 0 1 3
500 47.5 162.5 0 1 3
501 47.5 167.5 0 1 3
502 47.5 172.5 0 1 3
503 47.5 177.5 0 1 3
504 47.5 182.5 0 1 3
505 47.5 187.5 0 1 3
506 47.5 192.5 0 1 3
507 47.5 197.5 0 1 3
508 47.5 202.5 0 1 3
509 47.5 207.5 0 1 3
510 47.5 212.5 0 1 3
511 47.5 217.5 0 1 3
512 47.5 222.5 0 1 3
513 47.5 227.5 0 1 3
514 47.5 232.5 0 1 3
515 47.5 237.5 0 1 3
516 47.5 242.5 0 1 3
517 47.5 247.5 0 1 3
518 47.5 252.5 0 1 3
519 47.5 257.5 0 1 3
520 52.5 2.5 0 1 3
521 52.5 7.5 0 1 3
522 52.5 12.5 0 1 3
523 52.5 17.5 0 1 3
524 52.5 22.5 0 1 3
525 52.5 27.5 0 1 3
526 52.5 32.5 0 1 3
527 52.5 37.5 0 1 3
528 52.5 42.5 0 1 3
529 52.5 47.5 0 1 3
530 52.5 52.5 0 1 3
531 52.5 57.5 0 1 3
532 52.5 62.5 0 1 3
533 52.5 67.5 0 1 3
534 52.5 72.5 0 1 3
535 52.5 77.5 0 1 3
536 52.5 82.5 0 1 3
537 52.5 87.5 0 1 3
538 52.5 92.5 0 1 3
539 52.5 97.5 0 1 3
540 52.5 102.5 0 1 3
541 52.5 107.5 0 1 3
542 52.5 112.5 0 1 3
543 52.5 117.5 0 1 3
544 52.5 122.5 0 1 3
545 52.5 127.5 0 1 3
546 52.5 132.5 0 1 3
547 52.5 137.5 0 1 3
548 52.5 142.5 0 1 3
549 52.5 147.5 0 1 3
550 52.5 152.5 0 1 3
551 52.5 157.5 0 1 3
552 52.5 162.5 0 1 3
553 52.5 167.5 0 1 3
554 52.5 172.5 0 1 3
555 52.5 177.5 0 1 3
556 52.5 182.5 0 1 3
557 52.5 187.5 0 1 3
558 52.5 192.5 0 1 3
559 52.5 197.5 0 1 3
560 52.5 202.5 0 1 3
561 52.5 207.5 0 1 3
562 52.5 212.5 0 1 3
563 52.5 217.5 0 1 3
564 52.5 222.5 0 1 3
565 52.5 227.5 0 1 3
566 52.5 232.5 0 1 3
567 52.5 237.5 0 1 3
568 52.5 242.5 0 1 3
569 52.5 247.5 0 1 3
570 52.5 252.5 0 1 3
571 52.5 257.5 0 1 3
572 57.5 2.5 0 1 3
573 57.5 7.5 0 1 3
574 57.5 12.5 0 1 3
575 57.5 17.5 0 1 3
576 57.5 22.5 0 1 3
577 57.5 27.5 0 1 3
578 57.5 32.5 0 1 3
579 57.5 37.5 0 1 3
580 57.5 42.5 0 1 3
581 57.5 47.5 0 1 3
582 57.5 52.5 0 1 3
583 57.5 57.5 0 1 3
584 57.5 62.5 0 1 3
585 57.5 67.5 0 1 3
586 57.5 72.5 0 1 3
587 57.5 77.5 0 1 3
588 57.5 82.5 0 1 3
589 57.5 87.5 0 1 3
590 57.5 92.5 0 1 3
591 57.5 97.5 0 1 3
592 57.5 102.5 0 1 3
593 57.5 107.5 0 1 3
594 57.5 112.5 0 1 3
595 57.5 117.5 0 1 3
596 57.5 122.5 0 1 3
597 57.5 127.5 0 1 3
598 57.5 132.5 0 1 3
599 57.5 137.5 0 1 3
600 57.5 142.5 0 1 3
601 57.5 147.5 0 1 3
602 57.5 152.5 0 1 3
603 57.5 157.5 0 1 3
604 57.5 162.5 0 1 3
605 57.5 167.5 0 1 3
606 57.5 172.5 0 1 3
607 57.5 177.5 0 1 3
608 57.5 182.5 0 1 3
609 57.5 187.5 0 1 3
610 57.5 192.5 0 1 3
611 57.5 197.5 0 1 3
612 57.5 202.5 0 1 3
613 57.5 207.5 0 1 3
614 57.5 212.5 0 1 3
615 57.5 217.5 0 1 3
616 57.5 222.5 0 1 3
617 57.5 227.5 0 1 3
618 57.5 232.5 0 1 3
619 57.5 237.5 0 1 3
620 57.5 242.5 0 1 3
621 57.5 247.5 0 1 3
622 57.5 252.5 0 1 3
623 57.5 257.5 0 1 3
624 62.5 2.5 0 1 3
625 62.5 7.5 0 1 3
626 62.5 12.5 0 1 3
627 62.5 17.5 0 1 3
628 62.5 22.5 0 1 3
629 62.5 27.5 0 1 3
630 62.5 32.5 0 1 3
631 62.5 37.5 0 1 3
632 62.5 42.5 0 1 3
633 62.5 47.5 0 1 3
634 62.5 52.5 0 1 3
635 62.5 57.5 0 1 3
636 62.5 62.5 0 1 3
637 62.5 67.5 0 1 3
638 62.5 72.5 0 1 3
639 62.5 77.5 0 1 3
640 62.5 82.5 0 1 3
641 62.5 87.5 0 1 3
642 62.5 92.5 0 1 3
643 62.5 97.5 0 1 3
644 62.5 102.5 0 1 3
645 62.5 107.5 0 1 3
646 62.5 112.5 0 1 3
647 62.5 117.5 0 1 3
648 62.5 122.5 0 1 3
649 62.5 127.5 0 1 3
650 62.5 132.5 0 1 3
651 62.5 137.5 0 1 3
652 62.5 142.5 0 1 3
653 62.5 147.5 0 1 3
654 62.5 152.5 0 1 3
655 62.5 157.5 0 1 3
656 62.5 162.5 0 1 3
657 62.5 167.5 0 1 3
658 62.5 172.5 0 1 3
659 62.5 177.5 0 1 3
660 62.5 182.5 0 1 3
661 62.5 187.5 0 1 3
662 62.5 192.5 0 1 3
663 62.5 197.5 0 1 3
664 62.5 202.5 0 1 3
665 62.5 207.5 0 1 3
666 62.5 212.5 0 1 3
667 62.5 217.5 0 1 3
668 62.5 222.5 0 1 3
669 62.5 227.5 0 1 3
670 62.5 232.5 0 1 3
671 62.5 237.5 0 1 3
672 62.5 242.5 0 1 3
673 62.5 247.5 0 1 3
674 62.5 252.5 0 1 3
675 62.5 257.5 0 1 3
676 67.5 2.5 0 1 3
677 67.5 7.5 0 1 3
678 67.5 12.5 0 1 3
679 67.5 17.5 0 1 3
680 67.5 22.5 0 1 3
681 67.5 27.5 0 1 3
682 67.5 32.5 0 1 3
683 67.5 37.5 0 1 3
684 67.5 42.5 0 1 3
685 67.5 47.5 0 1 3
686 67.5 52.5 0 1 3
687 67.5 57.5 0 1 3
688 67.5 62.5 0 1 3
689 67.5 67.5 0 1 3
690 67.5 72.5 0 1 3
691 67.5 77.5 0 1 3
692 67.5 82.5 0 1 3
693 67.5 87.5 0 1 3
694 67.5 92.5 0 1 3
695 67.5 97.5 0 1 3
696 67.5 102.5 0 1 3
697 67.5 107.5 0 1 3
698 67.5 112.5 0 1 3
699 67.5 117.5 0 1 3
700 67.5 122.5 0 1 3
701 67.5 127.5 0 1 3
702 67.5 132.5 0 1 3
703 67.5 137.5 0 1 3
704 67.5 142.5 0 1 3
705 67.5 147.5 0 1 3
706 67.5 152.5 0 1 3
707 67.5 157.5 0 1 3
708 67.5 162.5 0 1 3
709 67.5 167.5 0 1 3
710 67.5 172.5 0 1 3
711 67.5 177.5 0 1 3
712 67.5 182.5 0 1 3
713 67.5 187.5 0 1 3
714 67.5 192.5 0 1 3
715 67.5 197.5 0 1 3
716 67.5 202.5 0 1 3
717 67.5 207.5 0 1 3
718 67.5 212.5 0 1 3
719 67.5 217.5 0 1 3
720 67.5 222.5 0 1 3
721 67.5 227.5 0 1 3
722 67.5 232.5 0 1 3
723 67.5 237.5 0 1 3
724 67.5 242.5 0 1 3
725 67.5 247.5 0 1 3
726 67.5 252.5 0 1 3
727 67.5 257.5 0 1 3
728 72.5 2.5 0 1 3
729 72.5 7.5 0 1 3
730 72.5 12.5 0 1 3
731 72.5 17.5 0 1 3
732 72.5 22.5 0 1 3
733 72.5 27.5 0 1 3
734 72.5 32.5 0 1 3
735 72.5 37.5 0 1 3
736 72.5 42.5 0 1 3
737 72.5 47.5 0 1 3
738 72.5 52.5 0 1 3
739 72.5 57.5 0 1 3
740 72.5 62.5 0 1 3
741 72.5 67.5 0 1 3
742 72.5 72.5 0 1 3
743 72.5 77.5 0 1 3
744 72.5 82.5 0 1 3
745 72.5 87.5 0 1 3
746 72.5 92.5 0 1 3
747 72.5 97.5 0 1 3
748 72.5 102.5 0 1 3
749 72.5 107.5 0 1 3
750 72.5 112.5 0 1 3
751 72.5 117.5 0 1 3
752 72.5 122.5 0 1 3
753 72.5 127.5 0 1 3
754 72.5 132.5 0 1 3
755 72.5 137.5 0 1 3
756 72.5 142.5 0 1 3
757 72.5 147.5 0 1 3
758 72.5 152.5 0 1 3
759 72.5 157.5 0 1 3
760 72.5 162.5 0 1 3
761 72.5 167.5 0 1 3
762 72.5 172.5 0 1 3
763 72.5 177.5 0 1 3
764 72.5 182.5 0 1 3
765 72.5 187.5 0 1 3
766 72.5 192.5 0 1 3
767 72.5 197.5 0 1 3
768 72.5 202.5 0 1 3
769 72.5 207.5 0 1 3
770 72.5 212.5 0 1 3
771 72.5 217.5 0 1 3
772 72.5 222.5 0 1 3
773 72.5 227.5 0 1 3
774 72.5 232.5 0 1 3
775 72.5 237.5 0 1 3
776 72.5 242.5 0 1 3
777 72.5 247.5 0 1 3
778 72.5 252.5 0 1 3
779 72.5 257.5 0 1 3
780 77.5 2.5 0 1 3
781 77.5 7.5 0 1 3
782 77.5 12.5 0 1 3
783 77.5 17.5 0 1 3
784 77.5 22.5 0 1 3
785 77.5 27.5 0 1 3
786 77.5 32.5 0 1 3
787 77.5 37.5 0 1 3
788 77.5 42.5 0 1 3
789 77.5 47.5 0 1 3
790 77.5 52.5 0 1 3
791 77.5 57.5 0 1 3
792 77.5 62.5 0 1 3
793 77.5 67.5 0 1 3
794 77.5 72.5 0 1 3
795 77.5 77.5 0 1 3
796 77.5 82.5 0 1 3
797 77.5 87.5 0 1 3
798 77.5 92.5 0 1 3
799 77.5 97.5 0 1 3
800 77.5 102.5 0 1 3
801 77.5 107.5 0 1 3
802 77.5 112.5 0 1 3
803 77.5 117.5 0 1 3
804 77.5 122.5 0 1 3
805 77.5 127.5 0 1 3
806 77.5 132.5 0 1 3
807 77.5 137.5 0 1 3
808 77.5 142.5 0 1 3
809 77.5 147.5 0 1 3
810 77.5 152.5 0 1 3
811 77.5 157.5 0 1 3
812 77.5 162.5 0 1 3
813 77.5 167.5 0 1 3
814 77.5 172.5 0 1 3
815 77.5 177.5 0 1 3
816 77.5 182.5 0 1 3
817 77.5 187.5 0 1 3
818 77.5 192.5 0 1 3
819 77.5 197.5 0 1 3
820 77.5 202.5 0 1 3
821 77.5 207.5 0 1 3
822 77.5 212.5 0 1 3
823 77.5 217.5 0 1 3
824 77.5 222.5 0 1 3
825 77.5 227.5 0 1 3
826 77.5 232.5 0 1 3
827 77.5 237.5 0 1 3
828 77.5 242.5 0 1 3
829 77.5 247.5 0 1 3
830 77.5 252.5 0 1 3
831 77.5 257.5 0 1 3
832 82.5 2.5 0 1 3
833 82.5 7.5 0 1 3
834 82.5 12.5 0 1 3
835 82.5 17.5 0 1 3
836 82.5 22.5 0 1 3
837 82.5 27.5 0 1 3
838 82.5 32.5 0 1 3
839 82.5 37.5 0 1 3
840 82.5 42.5 0 1 3
841 82.5 47.5 0 1 3
842 82.5 52.5 0 1 3
843 82.5 57.5 0 1 3
844 82.5 62.5 0 1 3
845 82.5 67.5 0 1 3
846 82.5 72.5 0 1 3
847 82.5 77.5 0 1 3
848 82.5 82.5 0 1 3
849 82.5 87.5 0 1 3
850 82.5 92.5 0 1 3
851 82.5 97.5 0 1 3
852 82.5 102.5 0 1 3
853 82.5 107.5 0 1 3
854 82.5 112.5 0 1 3
855 82.5 117.5 0 1 3
856 82.5 122.5 0 1 3
857 82.5 127.5 0 1 3
858 82.5 132.5 0 1 3
859 82.5 137.5 0 1 3
860 82.5 142.5 0 1 3
861 82.5 147.5 0 1 3
862 82.5 152.5 0 1 3
863 82.5 157.5 0 1 3
864 82.5 162.5 0 1 3
865 82.5 167.5 0 1 3
866 82.5 172.5 0 1 3
867 82.5 177.5 0 1 3
868 82.5 182.5 0 1 3
869 82.5 187.5 0 1 3
870 82.5 192.5 0 1 3
871 82.5 197.5 0 1 3
872 82.5 202.5 0 1 3
873 82.5 207.5 0 1 3
874 82.5 212.5 0 1 3
875 82.5 217.5 0 1 3
876 82.5 222.5 0 1 3
877 82.5 227.5 0 1 3
878 82.5 232.5 0 1 3
879 82.5 237.5 0 1 3
880 82.5 242.5 0 1 3
881 82.5 247.5 0 1 3
882 82.5 252.5 0 1 3
883 82.5 257.5 0 1 3
884 87.5 2.5 0 1 3
885 87.5 7.5 0 1 3
886 87.5 12.5 0 1 3
887 87.5 17.5 0 1 3
888 87.5 22.5 0 1 3
889 87.5 27.5 0 1 3
890 87.5 32.5 0 1 3
891 87.5 37.5 0 1 3
892 87.5 42.5 0 1 3
893 87.5 47.5 0 1 3
894 87.5 52.5 0 1 3
895 87.5 57.5 0 1 3
896 87.5 62.5 0 1 3
897 87.5 67.5 0 1 3
898 87.5 72.5 0 1 3
899 87.5 77.5 0 1 3
900 87.5 82.5 0 1 3
901 87.5 87.5 0 1 3
902 87.5 92.5 0 1 3
903 87.5 97.5 0 1 3
904 87.5 102.5 0 1 3
905 87.5 107.5 0 1 3
906 87.5 112.5 0 1 3
907 87.5 117.5 0 1 3
908 87.5 122.5 0 1 3
909 87.5 127.5 0 1 3
910 87.5 132.5 0 1 3
911 87.5 137.5 0 1 3
912 87.5 142.5 0 1 3
913 87.5 147.5 0 1 3
914 87.5 152.5 0 1 3
915 87.5 157.5 0 1 3
916 87.5 162.5 0 1 3
917 87.5 167.5 0 1 3
918 87.5 172.5 0 1 3
919 87.5 177.5 0 1 3
920 87.5 182.5 0 1 3
921 87.5 187.5 0 1 3
922 87.5 192.5 0 1 3
923 87.5 197.5 0 1 3
924 87.5 202.5 0 1 3
925 87.5 207.5 0 1 3
926 87.5 212.5 0 1 3
927 87.5 217.5 0 1 3
928 87.5 222.5 0 1 3
929 87.5 227.5 0 1 3
930 87.5 232.5 0 1 3
931 87.5 237.5 0 1 3
932 87.5 242.5 0 1 3
933 87.5 247.5 0 1 3
934 87.5 252.5 0 1 3
935 87.5 257.5 0 1 3
936 92.5 2.5 0 1 3
937 92.5 7.5 0 1 3
938 92.5 12.5 0 1 3
939 92.5 17.5 0 1 3
940 92.5 22.5 0 1 3
941 92.5 27.5 0 1 3
942 92.5 32.5 0 1 3
943 92.5 37.5 0 1 3
944 92.5 42.5 0 1 3
945 92.5 47.5 0 1 3
946 92.5 52.5 0 1 3
947 92.5 57.5 0 1 3
948 92.5 62.5 0 1 3
949 92.5 67.5 0 1 3
950 92.5 72.5 0 1 3
951 92.5 77.5 0 1 3
952 92.5 82.5 0 1 3
953 92.5 87.5 0 1 3
954 92.5 92.5 0 1 3
955 92.5 97.5 0 1 3
956 92.5 102.5 0 1 3
957 92.5 107.5 0 1 3
958 92.5 112.5 0 1 3
959 92.5 117.5 0 1 3
960 92.5 122.5 0 1 3
961 92.5 127.5 0 1 3
962 92.5 132.5 0 1 3
963 92.5 137.5 0 1 3
964 92.5 142.5 0 1 3
965 92.5 147.5 0 1 3
966 92.5 152.5 0 1 3
967 92.5 157.5 0 1 3
968 92.5 162.5 0 1 3
969 92.5 167.5 0 1 3
970 92.5 172.5 0 1 3
971 92.5 177.5 0 1 3
972 92.5 182.5 0 1 3
973 92.5 187.5 0 1 3
974 92.5 192.5 0 1 3
975 92.5 197.5 0 1 3
976 92.5 202.5 0 1 3
977 92.5 207.5 0 1 3
978 92.5 212.5 0 1 3
979 92.5 217.5 0 1 3
980 92.5 222.5 0 1 3
981 92.5 227.5 0 1 3
982 92.5 232.5 0 1 3
983 92.5 237.5 0 1 3
984 92.5 242.5 0 1 3
985 92.5 247.5 0 1 3
986 92.5 252.5 0 1 3
987 92.5 257.5 0 1 3
988 97.5 2.5 0 1 3
989 97.5 7.5 0 1 3
990 97.5 12.5 0 1 3
991 97.5 17.5 0 1 3
992 97.5 22.5 0 1 3
993 97.5 27.5 0 1 3
994 97.5 32.5 0 1 3
995 97.5 37.5 0 1 3
996 97.5 42.5 0 1 3
997 97.5 47.5 0 1 3
998 97.5 52.5 0 1 3
999 97.5 57.5 0 1 3
1000 97.5 62.5 0 1 3
1001 97.5 67.5 0 1 3
1002 97.5 72.5 0 1 3
1003 97.5 77.5 0 1 3
1004 97.5 82.5 0 1 3
1005 97.5 87.5 0 1 3
1006 97.5 92.5 0 1 3
1007 97.5 97.5 0 1 3
1008 97.5 102.5 0 1 3
1009 97.5 107.5 0 1 3
1010 97.5 112.5 0 1 3
1011 97.5 117.5 0 1 3
1012 97.5 122.5 0 1 3
1013 97.5 127.5 0 1 3
1014 97.5 132.5 0 1 3
1015 97.5 137.5 0 1 3
1016 97.5 142.5 0 1 3
1017 97.5 147.5 0 1 3
1018 97.5 152.5 0 1 3
1019 97.5 157.5 0 1 3
1020 97.5 162.5 0 1 3
1021 97.5 167.5 0 1 3
1022 97.5 172.5 0 1 3
1023 97.5 177.5 0 1 3
1024 97.5 182.5 0 1 3
1025 97.5 187.5 0 1 3
1026 97.5 192.5 0 1 3
1027 97.5 197.5 0 1 3
1028 97.5 202.5 0 1 3
1029 97.5 207.5 0 1 3
1030 97.5 212.5 0 1 3
1031 97.5 217.5 0 1 3
1032 97.5 222.5 0 1 3
1033 97.5 227.5 0 1 3
1034 97.5 232.5 0 1 3
1035 97.5 237.5 0 1 3
1036 97.5 242.5 0 1 3
1037 97.5 247.5 0 1 3
1038 97.5 252.5 0 1 3
1039 97.5 257.5 0 1 3
1040 102.5 2.5 0 1 3
1041 102.5 7.5 0 1 3
1042 102.5 12.5 0 1 3
1043 102.5 17.5 0 1 3
1044 102.5 22.5 0 1 3
1045 102.5 27.5 0 1 3
1046 102.5 32.5 0 1 3
1047 102.5 37.5 0 1 3
1048 102.5 42.5 0 1 3
1049 102.5 47.5 0 1 3
1050 102.5 52.5 0 1 3
1051 102.5 57.5 0 1 3
1052 102.5 62.5 0 1 3
1053 102.5 67.5 0 1 3
1054 102.5 72.5 0 1 3
1055 102.5 77.5 0 1 3
1056 102.5 82.5 0 1 3
1057 102.5 87.5 0 1 3
1058 102.5 92.5 0 1 3
1059 102.5 97.5 0 1 3
1060 102.5 102.5 0 1 3
1061 102.5 107.5 0 1 3
1062 102.5 112.5 0 1 3
1063 102.5 117.5 0 1 3
1064 102.5 122.5 0 1 3
1065 102.5 127.5 0 1 3
1066 102.5 132.5 0 1 3
1067 102.5 137.5 0 1 3
1068 102.5 142.5 0 1 3
1069 102.5 147.5 0 1 3
1070 102.5 152.5 0 1 3
1071 102.5 157.5 0 1 3
1072 102.5 162.5 0 1 3
1073 102.5 167.5 0 1 3
1074 102.5 172.5 0 1 3
1075 102.5 177.5 0 1 3
1076 102.5 182.5 0 1 3
1077 102.5 187.5 0 1 3
1078 102.5 192.5 0 1 3
1079 102.5 197.5 0 1 3
1080 102.5 202.5 0 1 3
1081 102.5 207.5 0 1 3
1082 102.5 212.5 0 1 3
1083 102.5 217.5 0 1 3
1084 102.5 222.5 0 1 3
1085 102.5 227.5 0 1 3
1086 102.5 232.5 0 1 3
1087 102.5 237.5 0 1 3
1088 102.5 242.5 0 1 3
1089 102.5 247.5 0 1 3
1090 102.5 252.5 0 1 3
1091 102.5 257.5 0 1 3
1092 107.5 2.5 0 1 3
1093 107.5 7.5 0 1 3
1094 107.5 12.5 0 1 3
1095 107.5 17.5 0 1 3
1096 107.5 22.5 0 1 3
1097 107.5 27.5 0 1 3
1098 107.5 32.5 0 1 3
1099 107.5 37.5 0 1 3
1100 107.5 42.5 0 1 3
1101 107.5 47.5 0 1 3
1102 107.5 52.5 0 1 3
1103 107.5 57.5 0 1 3
1104 107.5 62.5 0 1 3
1105 107.5 67.5 0 1 3
1106 107.5 72.5 0 1 3
1107 107.5 77.5 0 1 3
1108 107.5 82.5 0 1 3
1109 107.5 87.5 0 1 3
1110 107.5 92.5 0 1 3
1111 107.5 97.5 0 1 3
1112 107.5 102.5 0 1 3
1113 107.5 107.5 0 1 3
1114 107.5 112.5 0 1 3
1115 107.5 117.5 0 1 3
1116 107.5 122.5 0 1 3
1117 107.5 127.5 0 1 3
1118 107.5 132.5 0 1 3
1119 107.5 137.5 0 1 3
1120 107.5 142.5 0 1 3
1121 107.5 147.5 0 1 3
1122 107.5 152.5 0 1 3
1123 107.5 157.5 0 1 3
1124 107.5 162.5 0 1 3
1125 107.5 167.5 0 1 3
1126 107.5 172.5 0 1 3
1127 107.5 177.5 0 1 3
1128 107.5 182.5 0 1 3
1129 107.5 187.5 0 1 3
1130 107.5 192.5 0 1 3
1131 107.5 197.5 0 1 3
1132 107.5 202.5 0 1 3
1133 107.5 207.5 0 1 3
1134 107.5 212.5 0 1 3
1135 107.5 217.5 0 1 3
1136 107.5 222.5 0 1 3
1137 107.5 227.5 0 1 3
1138 107.5 232.5 0 1 3
1139 107.5 237.5 0 1 3
1140 107.5 242.5 0 1 3
1141 107.5 247.5 0 1 3
1142 107.5 252.5 0 1 3
1143 107.5 257.5 0 1 3
1144 112.5 2.5 0 1 3
1145 112.5 7.5 0 1 3
1146 112.5 12.5 0 1 3
1147 112.5 17.5 0 1 3
1148 112.5 22.5 0 1 3
1149 112.5 27.5 0 1 3
1150 112.5 32.5 0 1 3
1151 112.5 37.5 0 1 3
1152 112.5 42.5 0 1 3
1153 112.5 47.5 0 1 3
1154 112.5 52.5 0 1 3
1155 112.5 57.5 0 1 3
1156 112.5 62.5 0 1 3
1157 112.5 67.5 0 1 3
1158 112.5 72.5 0 1 3
1159 112.5 77.5 0 1 3
1160 112.5 82.5 0 1 3
1161 112.5 87.5 0 1 3
1162 112.5 92.5 0 1 3
1163 112.5 97.5 0 1 3
1164 112.5 102.5 0 1 3
1165 112.5 107.5 0 1 3
1166 112.5 112.5 0 1 3
1167 112.5 117.5 0 1 3
1168 112.5 122.5 0 1 3
1169 112.5 127.5 0 1 3
1170 112.5 132.5 0 1 3
1171 112.5 137.5 0 1 3
1172 112.5 142.5 0 1 3
1173 112.5 147.5 0 1 3
1174 112.5 152.5 0 1 3
1175 112.5 157.5 0 1 3
1176 112.5 162.5 0 1 3
1177 112.5 167.5 0 1 3
1178 112.5 172.5 0 1 3
1179 112.5 177.5 0 1 3
1180 112.5 182.5 0 1 3
1181 112.5 187.5 0 1 3
1182 112.5 192.5 0 1 3
1183 112.5 197.5 0 1 3
1184 112.5 202.5 0 1 3
1185 112.5 207.5 0 1 3
1186 112.5 212.5 0 1 3
1187 112.5 217.5 0 1 3
1188 112.5 222.5 0 1 3
1189 112.5 227.5 0 1 3
1190 112.5 232.5 0 1 3
1191 112.5 237.5 0 1 3
1192 112.5 242.5 0 1 3
1193 112.5 247.5 0 1 3
1194 112.5 252.5 0 1 3
1195 112.5 257.5 0 1 3
1196 117.5 2.5 0 1 3
1197 117.5 7.5 0 1 3
1198 117.5 12.5 0 1 3
1199 117.5 17.5 0 1 3
1200 117.5 22.5 0 1 3
1201 117.5 27.5 0 1 3
1202 117.5 32.5 0 1 3
1203 117.5 37.5 0 1 3
1204 117.5 42.5 0 1 3
1205 117.5 47.5 0 1 3
1206 117.5 52.5 0 1 3
1207 117.5 57.5 0 1 3
1208 117.5 62.5 0 1 3
1209 117.5 67.5 0 1 3
1210 117.5 72.5 0 1 3
1211 117.5 77.5 0 1 3
1212 117.5 82.5 0 1 3
1213 117.5 87.5 0 1 3
1214 117.5 92.5 0 1 3
1215 117.5 97.5 0 1 3
1216 117.5 102.5 0 1 3
1217 117.5 107.5 0 1 3
1218 117.5 112.5 0 1 3
1219 117.5 117.5 0 1 3
1220 117.5 122.5 0 1 3
1221 117.5 127.5 0 1 3
1222 117.5 132.5 0 1 3
1223 117.5 137.5 0 1 3
1224 117.5 142.5 0 1 3
1225 117.5 147.5 0 1 3
1226 117.5 152.5 0 1 3
1227 117.5 157.5 0 1 3
1228 117.5 162.5 0 1 3
1229 117.5 167.5 0 1 3
1230 117.5 172.5 0 1 3
1231 117.5 177.5 0 1 3
1232 117.5 182.5 0 1 3
1233 117.5 187.5 0 1 3
1234 117.5 192.5 0 1 3
1235 117.5 197.5 0 1 3
1236 117.5 202.5 0 1 3
1237 117.5 207.5 0 1 3
1238 117.5 212.5 0 1 3
1239 117.5 217.5 0 1 3
1240 117.5 222.5 0 1 3
1241 117.5 227.5 0 1 3
1242 117.5 232.5 0 1 3
1243 117.5 237.5 0 1 3
1244 117.5 242.5 0 1 3
1245 117.5 247.5 0 1 3
1246 117.5 252.5 0 1 3
1247 117.5 257.5 0 1 3
1248 122.5 2.5 0 1 3
1249 122.5 7.5 0 1 3
1250 122.5 12.5 0 1 3
1251 122.5 17.5 0 1 3
1252 122.5 22.5 0 1 3
1253 122.5 27.5 0 1 3
1254 122.5 32.5 0 1 3
1255 122.5 37.5 0 1 3
1256 122.5 42.5 0 1 3
1257 122.5 47.5 0 1 3
1258 122.5 52.5 0 1 3
1259 122.5 57.5 0 1 3
1260 122.5 62.5 0 1 3
1261 122.5 67.5 0 1 3
1262 122.5 72.5 0 1 3
1263 122.5 77.5 0 1 3
1264 122.5 82.5 0 1 3
1265 122.5 87.5 0 1 3
1266 122.5 92.5 0 1 3
1267 122.5 97.5 0 1 3
1268 122.5 102.5 0 1 3
1269 122.5 107.5 0 1 3
1270 122.5 112.5 0 1 3
1271 122.5 117.5 0 1 3
1272 122.5 122.5 0 1 3
1273 122.5 127.5 0 1 3
1274 122.5 132.5 0 1 3
1275 122.5 137.5 0 1 3
1276 122.5 142.5 0 1 3
1277 122.5 147.5 0 1 3
1278 122.5 152.5 0 1 3
1279 122.5 157.5 0 1 3
1280 122.5 162.5 0 1 3
1281 122.5 167.5 0 1 3
1282 122.5 172.5 0 1 3
1283 122.5 177.5 0 1 3
1284 122.5 182.5 0 1 3
1285 122.5 187.5 0 1 3
1286 122.5 192.5 0 1 3
1287 122.5 197.5 0 1 3
1288 122.5 202.5 0 1 3
1289 122.5 207.5 0 1 3
1290 122.5 212.5 0 1 3
1291 122.5 217.5 0 1 3
1292 122.5 222.5 0 1 3
1293 122.5 227.5 0 1 3
1294 122.5 232.5 0 1 3
1295 122.5 237.5 0 1 3
1296 122.5 242.5 0 1 3
1297 122.5 247.5 0 1 3
1298 122.5 252.5 0 1 3
1299 122.5 257.5 0 1 3
1300 127.5 2.5 0 1 3
1301 127.5 7.5 0 1 3
1302 127.5 12.5 0 1 3
1303 127.5 17.5 0 1 3
1304 127.5 22.5 0 1 3
1305 127.5 27.5 0 1 3
1306 127.5 32.5 0 1 3
1307 127.5 37.5 0 1 3
1308 127.5 42.5 0 1 3
1309 127.5 47.5 0 1 3
1310 127.5 52.5 0 1 3
1311 127.5 57.5 0 1 3
1312 127.5 62.5 0 1 3
1313 127.5 67.5 0 1 3
1314 127.5 72.5 0 1 3
1315 127.5 77.5 0 1 3
1316 127.5 82.5 0 1 3
1317 127.5 87.5 0 1 3
1318 127.5 92.5 0 1 3
1319 127.5 97.5 0 1 3
1320 127.5 102.5 0 1 3
1321 127.5 107.5 0 1 3
1322 127.5 112.5 0 1 3
1323 127.5 117.5 0 1 3
1324 127.5 122.5 0 1 3
1325 127.5 127.5 0 1 3
1326 127.5 132.5 0 1 3
1327 127.5 137.5 0 1 3
1328 127.5 142.5 0 1 3
1329 127.5 147.5 0 1 3
1330 127.5 152.5 0 1 3
1331 127.5 157.5 0 1 3
1332 127.5 162.5 0 1 3
1333 127.5 167.5 0 1 3
1334 127.5 172.5 0 1 3
1335 127.5 177.5 0 1 3
1336 127.5 182.5 0 1 3
1337 127.5 187.5 0 1 3
1338 127.5 192.5 0 1 3
1339 127.5 197.5 0 1 3
1340 127.5 202.5 0 1 3
1341 127.5 207.5 0 1 3
1342 127.5 212.5 0 1 3
1343 127.5 217.5 0 1 3
1344 127.5 222.5 0 1 3
1345 127.5 227.5 0 1 3
1346 127.5 232.5 0 1 3
1347 127.5 237.5 0 1 3
1348 127.5 242.5 0 1 3
1349 127.5 247.5 0 1 3
1350 127.5 252.5 0 1 3
1351 127.5 257.5 0 1 3
1352 132.5 2.5 0 1 3
1353 132.5 7.5 0 1 3
1354 132.5 12.5 0 1 3
1355 132.5 17.5 0 1 3
1356 132.5 22.5 0 1 3
1357 132.5 27.5 0 1 3
1358 132.5 32.5 0 1 3
1359 132.5 37.5 0 1 3
1360 132.5 42.5 0 1 3
1361 132.5 47.5 0 1 3
1362 132.5 52.5 0 1 3
1363 132.5 57.5 0 1 3
1364 132.5 62.5 0 1 3
1365 132.5 67.5 0 1 3
1366 132.5 72.5 0 1 3
1367 132.5 77.5 0 1 3
1368 132.5 82.5 0 1 3
1369 132.5 87.5 0 1 3
1370 132.5 92.5 0 1 3
1371 132.5 97.5 0 1 3
1372 132.5 102.5 0 1 3
1373 132.5 107.5 0 1 3
1374 132.5 112.5 0 1 3
1375 132.5 117.5 0 1 3
1376 132.5 122.5 0 1 3
1377 132.5 127.5 0 1 3
1378 132.5 132.5 0 1 3
1379 132.5 137.5 0 1 3
1380 132.5 142.5 0 1 3
1381 132.5 147.5 0 1 3
1382 132.5 152.5 0 1 3
1383 132.5 157.5 0 1 3
1384 132.5 162.5 0 1 3
1385 132.5 167.5 0 1 3
1386 132.5 172.5 0 1 3
1387 132.5 177.5 0 1 3
1388 132.5 182.5 0 1 3
1389 132.5 187.5 0 1 3
1390 132.5 192.5 0 1 3
1391 132.5 197.5 0 1 3
1392 132.5 202.5 0 1 3
1393 132.5 207.5 0 1 3
1394 132.5 212.5 0 1 3
1395 132.5 217.5 0 1 3
1396 132.5 222.5 0 1 3
1397 132.5 227.5 0 1 3
1398 132.5 232.5 0 1 3
1399 132.5 237.5 0 1 3
1400 132.5 242.5 0 1 3
1401 132.5 247.5 0 1 3
1402 132.5 252.5 0 1 3
1403 132.5 257.5 0 1 3
1404 137.5 2.5 0 1 3
1405 137.5 7.5 0 1 3
1406 137.5 12.5 0 1 3
1407 137.5 17.5 0 1 3
1408 137.5 22.5 0 1 3
1409 137.5 27.5 0 1 3
1410 137.5 32.5 0 1 3
1411 137.5 37.5 0 1 3
1412 137.5 42.5 0 1 3
1413 137.5 47.5 0 1 3
1414 137.5 52.5 0 1 3
1415 137.5 57.5 0 1 3
1416 137.5 62.5 0 1 3
1417 137.5 67.5 0 1 3
1418 137.5 72.5 0 1 3
1419 137.5 77.5 0 1 3
1420 137.5 82.5 0 1 3
1421 137.5 87.5 0 1 3
1422 137.5 92.5 0 1 3
1423 137.5 97.5 0 1 3
1424 137.5 102.5 0 1 3
1425 137.5 107.5 0 1 3
1426 137.5 112.5 0 1 3
1427 137.5 117.5 0 1 3
1428 137.5 122.5 0 1 3
1429 137.5 127.5 0 1 3
1430 137.5 132.5 0 1 3
1431 137.5 137.5 0 1 3
1432 137.5 142.5 0 1 3
1433 137.5 147.5 0 1 3
1434 137.5 152.5 0 1 3
1435 137.5 157.5 0 1 3
1436 137.5 162.5 0 1 3
1437 137.5 167.5 0 1 3
1438 137.5 172.5 0 1 3
1439 137.5 177.5 0 1 3
1440 137.5 182.5 0 1 3
1441 137.5 187.5 0 1 3
1442 137.5 192.5 0 1 3
1443 137.5 197.5 0 1 3
1444 137.5 202.5 0 1 3
1445 137.5 207.5 0 1 3
1446 137.5 212.5 0 1 3
1447 137.5 217.5 0 1 3
1448 137.5 222.5 0 1 3
1449 137.5 227.5 0 1 3
1450 137.5 232.5 0 1 3
1451 137.5 237.5 0 1 3
1452 137.5 242.5 0 1 3
1453 137.5 247.5 0 1 3
1454 137.5 252.5 0 1 3
1455 137.5 257.5 0 1 3
1456 142.5 2.5 0 1 3
1457 142.5 7.5 0 1 3
1458 142.5 12.5 0 1 3
1459 142.5 17.5 0 1 3
1460 142.5 22.5 0 1 3
1461 142.5 27.5 0 1 3
1462 142.5 32.5 0 1 3
1463 142.5 37.5 0 1 3
1464 142.5 42.5 0 1 3
1465 142.5 47.5 0 1 3
1466 142.5 52.5 0 1 3
1467 142.5 57.5 0 1 3
1468 142.5 62.5 0 1 3
1469 142.5 67.5 0 1 3
1470 142.5 72.5 0 1 3
1471 142.5 77.5 0 1 3
1472 142.5 82.5 0 1 3
1473 142.5 87.5 0 1 3
1474 142.5 92.5 0 1 3
1475 142.5 97.5 0 1 3
1476 142.5 102.5 0 1 3
1477 142.5 107.5 0 1 3
1478 142.5 112.5 0 1 3
1479 142.5 117.5 0 1 3
1480 142.5 122.5 0 1 3
1481 142.5 127.5 0 1 3
1482 142.5 132.5 0 1 3
1483 142.5 137.5 0 1 3
1484 142.5 142.5 0 1 3
1485 142.5 147.5 0 1 3
1486 142.5 152.5 0 1 3
1487 142.5 157.5 0 1 3
1488 142.5 162.5 0 1 3
1489 142.5 167.5 0 1 3
1490 142.5 172.5 0 1 3
1491 142.5 177.5 0 1 3
1492 142.5 182.5 0 1 3
1493 142.5 187.5 0 1 3
1494 142.5 192.5 0 1 3
1495 142.5 197.5 0 1 3
1496 142.5 202.5 0 1 3
1497 142.5 207.5 0 1 3
1498 142.5 212.5 0 1 3
1499 142.5 217.5 0 1 3
1500 142.5 222.5 0 1 3
1501 142.5 227.5 0 1 3
1502 142.5 232.5 0 1 3
1503 142.5 237.5 0 1 3
1504 142.5 242.5 0 1 3
1505 142.5 247.5 0 1 3
1506 142.5 252.5 0 1 3
1507 142.5 257.5 0 1 3
1508 147.5 2.5 0 1 3
1509 147.5 7.5 0 1 3
1510 147.5 12.5 0 1 3
1511 147.5 17.5 0 1 3
1512 147.5 22.5 0 1 3
1513 147.5 27.5 0 1 3
1514 147.5 32.5 0 1 3
1515 147.5 37.5 0 1 3
1516 147.5 42.5 0 1 3
1517 147.5 47.5 0 1 3
1518 147.5 52.5 0 1 3
1519 147.5 57.5 0 1 3
1520 147.5 62.5 0 1 3
1521 147.5 67.5 0 1 3
1522 147.5 72.5 0 1 3
1523 147.5 77.5 0 1 3
1524 147.5 82.5 0 1 3
1525 147.5 87.5 0 1 3
1526 147.5 92.5 0 1 3
1527 147.5 97.5 0 1 3
1528 147.5 102.5 0 1 3
1529 147.5 107.5 0 1 3
1530 147.5 112.5 0 1 3
1531 147.5 117.5 0 1 3
1532 147.5 122.5 0 1 3
1533 147.5 127.5 0 1 3
1534 147.5 132.5 0 1 3
1535 147.5 137.5 0 1 3
1536 147.5 142.5 0 1 3
1537 147.5 147.5 0 1 3
1538 147.5 152.5 0 1 3
1539 147.5 157.5 0 1 3
1540 147.5 162.5 0 1 3
1541 147.5 167.5 0 1 3
1542 147.5 172.5 0 1 3
1543 147.5 177.5 0 1 3
1544 147.5 182.5 0 1 3
1545 147.5 187.5 0 1 3
1546 147.5 192.5 0 1 3
1547 147.5 197.5 0 1 3
1548 147.5 202.5 0 1 3
1549 147.5 207.5 0 1 3
1550 147.5 212.5 0 1 3
1551 147.5 217.5 0 1 3
1552 147.5 222.5 0 1 3
1553 147.5 227.5 0 1 3
1554 147.5 232.5 0 1 3
1555 147.5 237.5 0 1 3
1556 147.5 242.5 0 1 3
1557 147.5 247.5 0 1 3
1558 147.5 252.5 0 1 3
1559 147.5 257.5 0 1 3
1560 152.5 2.5 0 1 3
1561 152.5 7.5 0 1 3
1562 152.5 12.5 0 1 3
1563 152.5 17.5 0 1 3
1564 152.5 22.5 0 1 3
1565 152.5 27.5 0 1 3
1566 152.5 32.5 0 1 3
1567 152.5 37.5 0 1 3
1568 152.5 42.5 0 1 3
1569 152.5 47.5 0 1 3
1570 152.5 52.5 0 1 3
1571 152.5 57.5 0 1 3
1572 152.5 62.5 0 1 3
1573 152.5 67.5 0 1 3
1574 152.5 72.5 0 1 3
1575 152.5 77.5 0 1 3
1576 152.5 82.5 0 1 3
1577 152.5 87.5 0 1 3
1578 152.5 92.5 0 1 3
1579 152.5 97.5 0 1 3
1580 152.5 102.5 0 1 3
1581 152.5 107.5 0 1 3
1582 152.5 112.5 0 1 3
1583 152.5 117.5 0 1 3
1584 152.5 122.5 0 1 3
1585 152.5 127.5 0 1 3
1586 152.5 132.5 0 1 3
1587 152.5 137.5 0 1 3
1588 152.5 142.5 0 1 3
1589 152.5 147.5 0 1 3
1590 152.5 152.5 0 1 3
1591 152.5 157.5 0 1 3
1592 152.5 162.5 0 1 3
1593 152.5 167.5 0 1 3
1594 152.5 172.5 0 1 3
1595 152.5 177.5 0 1 3
1596 152.5 182.5 0 1 3
1597 152.5 187.5 0 1 3
1598 152.5 192.5 0 1 3
1599 152.5 197.5 0 1 3
1600 152.5 202.5 0 1 3
1601 152.5 207.5 0 1 3
1602 152.5 212.5 0 1 3
1603 152.5 217.5 0 1 3
1604 152.5 222.5 0 1 3
1605 152.5 227.5 0 1 3
1606 152.5 232.5 0 1 3
1607 152.5 237.5 0 1 3
1608 152.5 242.5 0 1 3
1609 152.5 247.5 0 1 3
1610 152.5 252.5 0 1 3
1611 152.5 257.5 0 1 3
1612 157.5 2.5 0 1 3
1613 157.5 7.5 0 1 3
1614 157.5 12.5 0 1 3
1615 157.5 17.5 0 1 3
1616 157.5 22.5 0 1 3
1617 157.5 27.5 0 1 3
1618 157.5 32.5 0 1 3
1619 157.5 37.5 0 1 3
1620 157.5 42.5 0 1 3
1621 157.5 47.5 0 1 3
1622 157.5 52.5 0 1 3
1623 157.5 57.5 0 1 3
1624 157.5 62.5 0 1 3
1625 157.5 67.5 0 1 3
1626 157.5 72.5 0 1 3
1627 157.5 77.5 0 1 3
1628 157.5 82.5 0 1 3
1629 157.5 87.5 0 1 3
1630 157.5 92.5 0 1 3
1631 157.5 97.5 0 1 3
1632 157.5 102.5 0 1 3
1633 157.5 107.5 0 1 3
1634 157.5 112.5 0 1 3
1635 157.5 117.5 0 1 3
1636 157.5 122.5 0 1 3
1637 157.5 127.5 0 1 3
1638 157.5 132.5 0 1 3
1639 157.5 137.5 0 1 3
1640 157.5 142.5 0 1 3
1641 157.5 147.5 0 1 3
1642 157.5 152.5 0 1 3
1643 157.5 157.5 0 1 3
1644 157.5 162.5 0 1 3
1645 157.5 167.5 0 1 3
1646 157.5 172.5 0 1 3
1647 157.5 177.5 0 1 3
1648 157.5 182.5 0 1 3
1649 157.5 187.5 0 1 3
1650 157.5 192.5 0 1 3
1651 157.5 197.5 0 1 3
1652 157.5 202.5 0 1 3
1653 157.5 207.5 0 1 3
1654 157.5 212.5 0 1 3
1655 157.5 217.5 0 1 3
1656 157.5 222.5 0 1 3
1657 157.5 227.5 0 1 3
1658 157.5 232.5 0 1 3
1659 157.5 237.5 0 1 3
1660 157.5 242.5 0 1 3
1661 157.5 247.5 0 1 3
1662 157.5 252.5 0 1 3
1663 157.5 257.5 0 1 3
