0 5.0 5.0 0 1 3
1 5.0 15.0 0 1 3
2 5.0 25.0 0 1 3
3 5.0 35.0 0 1 3
4 5.0 45.0 0 1 3
5 5.0 55.0 0 1 3
6 5.0 65.0 0 1 3
7 5.0 75.0 0 1 3
8 5.0 85.0 0 1 3
9 5.0 95.0 0 1 3
10 5.0 105.0 0 1 3
11 5.0 115.0 0 1 3
12 5.0 125.0 0 1 3
13 5.0 135.0 0 1 3
14 5.0 145.0 0 1 3
15 5.0 155.0 0 1 3
16 5.0 165.0 0 1 3
17 5.0 175.0 0 1 3
18 5.0 185.0 0 1 3
19 5.0 195.0 0 1 3
20 5.0 205.0 0 1 3
21 5.0 215.0 0 1 3
22 5.0 225.0 0 1 3
23 5.0 235.0 0 1 3
24 5.0 245.0 0 1 3
25 5.0 255.0 0 1 3
26 15.0 5.0 0 1 3
27 15.0 15.0 0 1 3
28 15.0 25.0 0 1 3
29 15.0 35.0 0 1 3
30 15.0 45.0 0 1 3
31 15.0 55.0 0 1 3
32 15.0 65.0 0 1 3
33 15.0 75.0 0 1 3
34 15.0 85.0 0 1 3
35 15.0 95.0 0 1 3
36 15.0 105.0 0 1 3
37 15.0 115.0 0 1 3
38 15.0 125.0 0 1 3
39 15.0 135.0 0 1 3
40 15.0 145.0 0 1 3
41 15.0 155.0 0 1 3
42 15.0 165.0 0 1 3
43 15.0 175.0 0 1 3
44 15.0 185.0 0 1 3
45 15.0 195.0 0 1 3
46 15.0 205.0 0 1 3
47 15.0 215.0 0 1 3
48 15.0 225.0 0 1 3
49 15.0 235.0 0 1 3
50 15.0 245.0 0 1 3
51 15.0 255.0 0 1 3
52 25.0 5.0 0 1 3
53 25.0 15.0 0 1 3
54 25.0 25.0 0 1 3
55 25.0 35.0 0 1 3
56 25.0 45.0 0 1 3
57 25.0 55.0 0 1 3
58 25.0 65.0 0 1 3
59 25.0 75.0 0 1 3
60 25.0 85.0 0 1 3
61 25.0 95.0 0 1 3
62 25.0 105.0 0 1 3
63 25.0 115.0 0 1 3
64 25.0 125.0 0 1 3
65 25.0 135.0 0 1 3
66 25.0 145.0 0 1 3
67 25.0 155.0 0 1 3
68 25.0 165.0 0 1 3
69 25.0 175.0 0 1 3
70 25.0 185.0 0 1 3
71 25.0 195.0 0 1 3
72 25.0 205.0 0 1 3
73 25.0 215.0 0 1 3
74 25.0 225.0 0 1 3
75 25.0 235.0 0 1 3
76 25.0 245.0 0 1 3
77 25.0 255.0 0 1 3
78 35.0 5.0 0 1 3
79 35.0 15.0 0 1 3
80 35.0 25.0 0 1 3
81 35.0 35.0 0 1 3
82 35.0 45.0 0 1 3
83 35.0 55.0 0 1 3
84 35.0 65.0 0 1 3
85 35.0 75.0 0 1 3
86 35.0 85.0 0 1 3
87 35.0 95.0 0 1 3
88 35.0 105.0 0 1 3
89 35.0 115.0 0 1 3
90 35.0 125.0 0 1 3
91 35.0 135.0 0 1 3
92 35.0 145.0 0 1 3
93 35.0 155.0 0 1 3
94 35.0 165.0 0 1 3
95 35.0 175.0 0 1 3
96 35.0 185.0 0 1 3
97 35.0 195.0 0 1 3
98 35.0 205.0 0 1 3
99 35.0 215.0 0 1 3
100 35.0 225.0 0 1 3
101 35.0 235.0 0 1 3
102 35.0 245.0 0 1 3
103 35.0 255.0 0 1 3
104 45.0 5.0 0 1 3
105 45.0 15.0 0 1 3
106 45.0 25.0 0 1 3
107 45.0 35.0 0 1 3
108 45.0 45.0 0 1 3
109 45.0 55.0 0 1 3
110 45.0 65.0 0 1 3
111 45.0 75.0 0 1 3
112 45.0 85.0 0 1 3
113 45.0 95.0 0 1 3
114 45.0 105.0 0 1 3
115 45.0 115.0 0 1 3
116 45.0 125.0 0 1 3
117 45.0 135.0 0 1 3
118 45.0 145.0 0 1 3
119 45.0 155.0 0 1 3
120 45.0 165.0 0 1 3
121 45.0 175.0 0 1 3
122 45.0 185.0 0 1 3
123 45.0 195.0 0 1 3
124 45.0 205.0 0 1 3
125 45.0 215.0 0 1 3
126 45.0 225.0 0 1 3
127 45.0 235.0 0 1 3
128 45.0 245.0 0 1 3
129 45.0 255.0 0 1 3
130 55.0 5.0 0 1 3
131 55.0 15.0 0 1 3
132 55.0 25.0 0 1 3
133 55.0 35.0 0 1 3
134 55.0 45.0 0 1 3
135 55.0 55.0 0 1 3
136 55.0 65.0 0 1 3
137 55.0 75.0 0 1 3
138 55.0 85.0 0 1 3
139 55.0 95.0 0 1 3
140 55.0 105.0 0 1 3
141 55.0 115.0 0 1 3
142 55.0 125.0 0 1 3
143 55.0 135.0 0 1 3
144 55.0 145.0 0 1 3
145 55.0 155.0 0 1 3
146 55.0 165.0 0 1 3
147 55.0 175.0 0 1 3
148 55.0 185.0 0 1 3
149 55.0 195.0 0 1 3
150 55.0 205.0 0 1 3
151 55.0 215.0 0 1 3
152 55.0 225.0 0 1 3
153 55.0 235.0 0 1 3
154 55.0 245.0 0 1 3
155 55.0 255.0 0 1 3
156 65.0 5.0 0 1 3
157 65.0 15.0 0 1 3
158 65.0 25.0 0 1 3
159 65.0 35.0 0 1 3
160 65.0 45.0 0 1 3
161 65.0 55.0 0 1 3
162 65.0 65.0 0 1 3
163 65.0 75.0 0 1 3
164 65.0 85.0 0 1 3
165 65.0 95.0 0 1 3
166 65.0 105.0 0 1 3
167 65.0 115.0 0 1 3
168 65.0 125.0 0 1 3
169 65.0 135.0 0 1 3
170 65.0 145.0 0 1 3
171 65.0 155.0 0 1 3
172 65.0 165.0 0 1 3
173 65.0 175.0 0 1 3
174 65.0 185.0 0 1 3
175 65.0 195.0 0 1 3
176 65.0 205.0 0 1 3
177 65.0 215.0 0 1 3
178 65.0 225.0 0 1 3
179 65.0 235.0 0 1 3
180 65.0 245.0 0 1 3
181 65.0 255.0 0 1 3
182 75.0 5.0 0 1 3
183 75.0 15.0 0 1 3
184 75.0 25.0 0 1 3
185 75.0 35.0 0 1 3
186 75.0 45.0 0 1 3
187 75.0 55.0 0 1 3
188 75.0 65.0 0 1 3
189 75.0 75.0 0 1 3
190 75.0 85.0 0 1 3
191 75.0 95.0 0 1 3
192 75.0 105.0 0 1 3
193 75.0 115.0 0 1 3
194 75.0 125.0 0 1 3
195 75.0 135.0 0 1 3
196 75.0 145.0 0 1 3
197 75.0 155.0 0 1 3
198 75.0 165.0 0 1 3
199 75.0 175.0 0 1 3
200 75.0 185.0 0 1 3
201 75.0 195.0 0 1 3
202 75.0 205.0 0 1 3
203 75.0 215.0 0 1 3
204 75.0 225.0 0 1 3
205 75.0 235.0 0 1 3
206 75.0 245.0 0 1 3
207 75.0 255.0 0 1 3
208 85.0 5.0 0 1 3
209 85.0 15.0 0 1 3
210 85.0 25.0 0 1 3
211 85.0 35.0 0 1 3
212 85.0 45.0 0 1 3
213 85.0 55.0 0 1 3
214 85.0 65.0 0 1 3
215 85.0 75.0 0 1 3
216 85.0 85.0 0 1 3
217 85.0 95.0 0 1 3
218 85.0 105.0 0 1 3
219 85.0 115.0 0 1 3
220 85.0 125.0 0 1 3
221 85.0 135.0 0 1 3
222 85.0 145.0 0 1 3
223 85.0 155.0 0 1 3
224 85.0 165.0 0 1 3
225 85.0 175.0 0 1 3
226 85.0 185.0 0 1 3
227 85.0 195.0 0 1 3
228 85.0 205.0 0 1 3
229 85.0 215.0 0 1 3
230 85.0 225.0 0 1 3
231 85.0 235.0 0 1 3
232 85.0 245.0 0 1 3
233 85.0 255.0 0 1 3
234 95.0 5.0 0 1 3
235 95.0 15.0 0 1 3
236 95.0 25.0 0 1 3
237 95.0 35.0 0 1 3
238 95.0 45.0 0 1 3
239 95.0 55.0 0 1 3
240 95.0 65.0 0 1 3
241 95.0 75.0 0 1 3
242 95.0 85.0 0 1 3
243 95.0 95.0 0 1 3
244 95.0 105.0 0 1 3
245 95.0 115.0 0 1 3
246 95.0 125.0 0 1 3
247 95.0 135.0 0 1 3
248 95.0 145.0 0 1 3
249 95.0 155.0 0 1 3
250 95.0 165.0 0 1 3
251 95.0 175.0 0 1 3
252 95.0 185.0 0 1 3
253 95.0 195.0 0 1 3
254 95.0 205.0 0 1 3
255 95.0 215.0 0 1 3
256 95.0 225.0 0 1 3
257 95.0 235.0 0 1 3
258 95.0 245.0 0 1 3
259 95.0 255.0 0 1 3
260 105.0 5.0 0 1 3
261 105.0 15.0 0 1 3
262 105.0 25.0 0 1 3
263 105.0 35.0 0 1 3
264 105.0 45.0 0 1 3
265 105.0 55.0 0 1 3
266 105.0 65.0 0 1 3
267 105.0 75.0 0 1 3
268 105.0 85.0 0 1 3
269 105.0 95.0 0 1 3
270 105.0 105.0 0 1 3
271 105.0 115.0 0 1 3
272 105.0 125.0 0 1 3
273 105.0 135.0 0 1 3
274 105.0 145.0 0 1 3
275 105.0 155.0 0 1 3
276 105.0 165.0 0 1 3
277 105.0 175.0 0 1 3
278 105.0 185.0 0 1 3
279 105.0 195.0 0 1 3
280 105.0 205.0 0 1 3
281 105.0 215.0 0 1 3
282 105.0 225.0 0 1 3
283 105.0 235.0 0 1 3
284 105.0 245.0 0 1 3
285 105.0 255.0 0 1 3
286 115.0 5.0 0 1 3
287 115.0 15.0 0 1 3
288 115.0 25.0 0 1 3
289 115.0 35.0 0 1 3
290 115.0 45.0 0 1 3
291 115.0 55.0 0 1 3
292 115.0 65.0 0 1 3
293 115.0 75.0 0 1 3
294 115.0 85.0 0 1 3
295 115.0 95.0 0 1 3
296 115.0 105.0 0 1 3
297 115.0 115.0 0 1 3
298 115.0 125.0 0 1 3
299 115.0 135.0 0 1 3
300 115.0 145.0 0 1 3
301 115.0 155.0 0 1 3
302 115.0 165.0 0 1 3
303 115.0 175.0 0 1 3
304 115.0 185.0 0 1 3
305 115.0 195.0 0 1 3
306 115.0 205.0 0 1 3
307 115.0 215.0 0 1 3
308 115.0 225.0 0 1 3
309 115.0 235.0 0 1 3
310 115.0 245.0 0 1 3
311 115.0 255.0 0 1 3
312 125.0 5.0 0 1 3
313 125.0 15.0 0 1 3
314 125.0 25.0 0 1 3
315 125.0 35.0 0 1 3
316 125.0 45.0 0 1 3
317 125.0 55.0 0 1 3
318 125.0 65.0 0 1 3
319 125.0 75.0 0 1 3
320 125.0 85.0 0 1 3
321 125.0 95.0 0 1 3
322 125.0 105.0 0 1 3
323 125.0 115.0 0 1 3
324 125.0 125.0 0 1 3
325 125.0 135.0 0 1 3
326 125.0 145.0 0 1 3
327 125.0 155.0 0 1 3
328 125.0 165.0 0 1 3
329 125.0 175.0 0 1 3
330 125.0 185.0 0 1 3
331 125.0 195.0 0 1 3
332 125.0 205.0 0 1 3
333 125.0 215.0 0 1 3
334 125.0 225.0 0 1 3
335 125.0 235.0 0 1 3
336 125.0 245.0 0 1 3
337 125.0 255.0 0 1 3
338 135.0 5.0 0 1 3
339 135.0 15.0 0 1 3
340 135.0 25.0 0 1 3
341 135.0 35.0 0 1 3
342 135.0 45.0 0 1 3
343 135.0 55.0 0 1 3
344 135.0 65.0 0 1 3
345 135.0 75.0 0 1 3
346 135.0 85.0 0 1 3
347 135.0 95.0 0 1 3
348 135.0 105.0 0 1 3
349 135.0 115.0 0 1 3
350 135.0 125.0 0 1 3
351 135.0 135.0 0 1 3
352 135.0 145.0 0 1 3
353 135.0 155.0 0 1 3
354 135.0 165.0 0 1 3
355 135.0 175.0 0 1 3
356 135.0 185.0 0 1 3
357 135.0 195.0 0 1 3
358 135.0 205.0 0 1 3
359 135.0 215.0 0 1 3
360 135.0 225.0 0 1 3
361 135.0 235.0 0 1 3
362 135.0 245.0 0 1 3
363 135.0 255.0 0 1 3
364 145.0 5.0 0 1 3
365 145.0 15.0 0 1 3
366 145.0 25.0 0 1 3
367 145.0 35.0 0 1 3
368 145.0 45.0 0 1 3
369 145.0 55.0 0 1 3
370 145.0 65.0 0 1 3
371 145.0 75.0 0 1 3
372 145.0 85.0 0 1 3
373 145.0 95.0 0 1 3
374 145.0 105.0 0 1 3
375 145.0 115.0 0 1 3
376 145.0 125.0 0 1 3
377 145.0 135.0 0 1 3
378 145.0 145.0 0 1 3
379 145.0 155.0 0 1 3
380 145.0 165.0 0 1 3
381 145.0 175.0 0 1 3
382 145.0 185.0 0 1 3
383 145.0 195.0 0 1 3
384 145.0 205.0 0 1 3
385 145.0 215.0 0 1 3
386 145.0 225.0 0 1 3
387 145.0 235.0 0 1 3
388 145.0 245.0 0 1 3
389 145.0 255.0 0 1 3
390 155.0 5.0 0 1 3
391 155.0 15.0 0 1 3
392 155.0 25.0 0 1 3
393 155.0 35.0 0 1 3
394 155.0 45.0 0 1 3
395 155.0 55.0 0 1 3
396 155.0 65.0 0 1 3
397 155.0 75.0 0 1 3
398 155.0 85.0 0 1 3
399 155.0 95.0 0 1 3
400 155.0 105.0 0 1 3
401 155.0 115.0 0 1 3
402 155.0 125.0 0 1 3
403 155.0 135.0 0 1 3
404 155.0 145.0 0 1 3
405 155.0 155.0 0 1 3
406 155.0 165.0 0 1 3
407 155.0 175.0 0 1 3
408 155.0 185.0 0 1 3
409 155.0 195.0 0 1 3
410 155.0 205.0 0 1 3
411 155.0 215.0 0 1 3
412 155.0 225.0 0 1 3
413 155.0 235.0 0 1 3
414 155.0 245.0 0 1 3
415 155.0 255.0 0 1 3
